3.300625000000000364e-01
4.154375000000000151e-01
4.928124999999999867e-01
5.557499999999999662e-01
5.866250000000000631e-01
6.159375000000000266e-01
6.543750000000000400e-01
6.723124999999999796e-01
7.005624999999999769e-01
7.242499999999999494e-01
7.394374999999999698e-01
7.479999999999999982e-01
7.657499999999999307e-01
7.811250000000000693e-01
7.835625000000000506e-01
7.996250000000000302e-01
8.074999999999998845e-01
8.045000000000002149e-01
8.258124999999999494e-01
8.206249999999999378e-01
8.323125000000001217e-01
8.412499999999999423e-01
8.428750000000000409e-01
8.509999999999999787e-01
8.519999999999999796e-01
8.613750000000000018e-01
8.629999999999998783e-01
8.651250000000001439e-01
8.726249999999999840e-01
8.709374999999999201e-01
8.821249999999999369e-01
8.786875000000000657e-01
8.833750000000000213e-01
8.877500000000001501e-01
8.920000000000000151e-01
8.920625000000000915e-01
8.901875000000000204e-01
