3.251999999999999891e-01
4.173000000000000043e-01
4.844666666666666011e-01
5.343666666666666565e-01
5.782999999999999252e-01
6.096000000000000307e-01
6.432666666666666533e-01
6.659666666666665957e-01
6.949999999999999512e-01
7.119333333333333069e-01
7.237999999999999989e-01
7.355333333333332613e-01
7.557333333333334791e-01
7.707666666666666000e-01
7.780333333333334656e-01
7.909000000000000474e-01
7.945666666666666433e-01
8.040999999999999259e-01
8.137999999999999678e-01
8.173000000000000265e-01
8.263666666666666938e-01
8.285999999999998922e-01
8.384333333333333638e-01
8.419666666666665300e-01
8.475999999999999091e-01
8.498999999999999888e-01
8.555333333333332568e-01
8.613333333333332842e-01
8.650999999999998691e-01
8.678666666666666751e-01
8.719000000000000083e-01
8.721666666666666456e-01
8.770999999999999908e-01
8.822000000000000952e-01
8.821000000000002172e-01
8.874999999999999556e-01
8.889666666666666828e-01
