2.710800000000000431e-01
3.073999999999999511e-01
3.356399999999999939e-01
3.648399999999999976e-01
3.809599999999999653e-01
3.991199999999999748e-01
4.155599999999999850e-01
4.339999999999999414e-01
4.450800000000000312e-01
4.581000000000000072e-01
4.606200000000000294e-01
4.755399999999999627e-01
4.836799999999999988e-01
4.909000000000000585e-01
5.026199999999999557e-01
5.107399999999999718e-01
5.069600000000000772e-01
5.243599999999999373e-01
5.219600000000000906e-01
5.251200000000001422e-01
5.337799999999999212e-01
5.385799999999999477e-01
5.428999999999999382e-01
5.446400000000000130e-01
5.470800000000000107e-01
5.509000000000000563e-01
5.541399999999998549e-01
5.614999999999999991e-01
5.637400000000000189e-01
5.676599999999999424e-01
5.671000000000000485e-01
5.716200000000000170e-01
5.678600000000000314e-01
