3.416199999999999792e-01
4.181499999999999662e-01
4.715799999999999992e-01
5.236100000000000199e-01
5.539899999999999824e-01
5.816900000000000404e-01
6.025799999999998935e-01
6.291100000000000581e-01
6.455599999999999117e-01
6.600000000000000311e-01
6.715899999999999093e-01
6.823999999999998956e-01
6.919299999999999340e-01
7.005000000000000115e-01
7.120499999999999607e-01
7.173999999999999266e-01
7.235699999999999354e-01
7.297299999999999898e-01
7.367700000000000360e-01
7.417100000000000914e-01
7.488599999999999701e-01
7.510499999999999954e-01
7.547099999999999920e-01
7.579200000000000381e-01
7.634300000000000530e-01
7.703799999999998427e-01
7.724500000000000810e-01
7.725799999999999335e-01
7.737800000000000233e-01
7.744400000000000173e-01
7.813999999999999835e-01
7.841200000000000392e-01
7.863400000000000389e-01
7.880900000000000682e-01
7.877000000000000668e-01
7.908500000000000529e-01
7.916499999999999648e-01
