2.389973614775725841e-01
3.138434476693052200e-01
3.654529463500439945e-01
4.042304309586631228e-01
4.364819700967457750e-01
4.612137203166226662e-01
4.848021108179418892e-01
5.085664028144238902e-01
5.172823218997361083e-01
5.322163588390501632e-01
5.411169744942831983e-01
5.529199648197010708e-01
5.624714160070360958e-01
5.683905013192612765e-01
5.820668425681619906e-01
5.856728232189973848e-01
5.897361477572559130e-01
5.982849604221637252e-01
6.030518909410730322e-01
6.082058047493403841e-01
6.082497801231310230e-01
6.152506596306068776e-01
6.187862796833772938e-01
6.216974494283201702e-01
6.242480211081794517e-01
6.287950747581354527e-01
6.291292875989445976e-01
6.355584872471417013e-01
6.332453825857520258e-01
6.373614775725593429e-01
6.402990325417765582e-01
6.458399296394019551e-01
6.442744063324539194e-01
6.519349164467898028e-01
6.496394019349164273e-01
6.510466138962180960e-01
6.507475813544415510e-01
