2.955833333333333091e-01
4.149166666666666559e-01
5.042500000000000870e-01
5.704166666666665719e-01
6.097500000000000142e-01
6.539166666666667016e-01
6.928333333333333011e-01
7.025000000000000133e-01
7.371666666666666368e-01
7.490833333333333233e-01
7.666666666666667185e-01
7.836666666666667336e-01
7.955833333333333091e-01
8.090000000000000524e-01
8.150833333333333819e-01
8.215833333333333321e-01
8.262499999999999289e-01
8.360000000000000764e-01
8.542499999999999538e-01
8.524999999999999245e-01
8.584166666666666057e-01
8.643333333333332869e-01
8.689999999999998836e-01
8.763333333333334085e-01
8.775833333333334929e-01
8.864999999999999547e-01
8.822499999999998677e-01
8.888333333333331421e-01
8.909166666666668011e-01
8.939166666666665817e-01
9.008333333333333748e-01
8.977500000000000480e-01
9.039166666666668126e-01
9.033333333333334325e-01
9.005833333333332913e-01
9.090000000000001412e-01
9.161666666666666847e-01
