3.005454545454545601e-01
3.410681818181818259e-01
3.724090909090909673e-01
3.911363636363636154e-01
4.297500000000000209e-01
4.423181818181818326e-01
4.552272727272727582e-01
4.786818181818182083e-01
4.880000000000000449e-01
4.938636363636363935e-01
5.123636363636363544e-01
5.228863636363636491e-01
5.295909090909090011e-01
5.389545454545454639e-01
5.428181818181817553e-01
5.553863636363636225e-01
5.590909090909090828e-01
5.631136363636364273e-01
5.738181818181817828e-01
5.736363636363637220e-01
5.820454545454546436e-01
5.876363636363635123e-01
5.921818181818181426e-01
5.919318181818182811e-01
5.993409090909092019e-01
6.022272727272726112e-01
6.148409090909090491e-01
6.126363636363636456e-01
6.080909090909091264e-01
6.172954545454544251e-01
6.131136363636363606e-01
