3.016733333333332379e-01
3.392616666666666281e-01
3.694683333333332875e-01
3.907100000000000017e-01
4.074733333333333540e-01
4.222616666666666463e-01
4.351366666666666161e-01
4.466366666666666263e-01
4.553583333333333094e-01
4.617666666666667141e-01
4.690949999999999287e-01
4.753149999999999875e-01
4.835483333333333023e-01
4.866716666666666691e-01
4.908549999999999303e-01
4.960299999999999709e-01
4.987966666666666105e-01
5.027516666666665968e-01
5.063250000000000250e-01
5.097616666666666685e-01
5.099916666666666210e-01
5.148283333333334433e-01
5.164966666666666040e-01
5.195449999999999235e-01
5.195283333333332587e-01
5.233683333333333243e-01
5.249883333333333901e-01
5.270483333333333409e-01
5.277199999999999669e-01
5.284833333333334160e-01
5.311649999999998872e-01
5.314899999999999070e-01
5.332200000000000273e-01
5.347100000000000186e-01
5.350333333333332497e-01
