3.468700000000000117e-01
4.184600000000000541e-01
4.720799999999999996e-01
5.070999999999999952e-01
5.366500000000000714e-01
5.639700000000000824e-01
5.786200000000000232e-01
5.947400000000000464e-01
6.109099999999999531e-01
6.183800000000001518e-01
6.317500000000000338e-01
6.425400000000000000e-01
6.444600000000000328e-01
6.511500000000001176e-01
6.587000000000000632e-01
6.627699999999999703e-01
6.668099999999999028e-01
6.705499999999999794e-01
6.769899999999999807e-01
6.794000000000000039e-01
6.844300000000000939e-01
6.868199999999999861e-01
6.899999999999999467e-01
6.927600000000000424e-01
6.966700000000000115e-01
6.952899999999999636e-01
6.990800000000000347e-01
7.016200000000000214e-01
7.034600000000000852e-01
7.017899999999999139e-01
7.072999999999999288e-01
7.056099999999998484e-01
7.100699999999999790e-01
7.110199999999999854e-01
7.153800000000000159e-01
7.126699999999999147e-01
7.172600000000000087e-01
