3.464999999999999747e-01
3.880000000000000115e-01
4.140625000000000000e-01
4.498750000000000249e-01
4.809375000000000178e-01
4.970625000000000182e-01
5.240000000000000213e-01
5.484999999999999876e-01
5.533124999999999849e-01
5.799374999999999947e-01
5.791874999999999662e-01
5.968750000000000444e-01
6.094374999999999654e-01
6.237500000000000266e-01
6.218125000000001013e-01
6.333750000000000213e-01
6.560000000000000275e-01
6.594999999999999751e-01
6.613124999999999698e-01
6.681250000000000799e-01
6.733124999999999805e-01
6.806250000000000355e-01
6.833125000000001004e-01
6.868750000000000133e-01
6.879375000000000906e-01
7.024375000000000480e-01
6.992499999999999272e-01
6.959375000000000977e-01
7.051874999999999671e-01
7.052500000000000435e-01
7.203749999999999876e-01
7.155624999999999902e-01
7.168750000000000400e-01
