2.506450000000000622e-01
2.641100000000000114e-01
2.757549999999999724e-01
2.867050000000000431e-01
2.914700000000000069e-01
2.979999999999999871e-01
3.072149999999999603e-01
3.102749999999999675e-01
3.126000000000000445e-01
3.168349999999999778e-01
3.232949999999999990e-01
3.220699999999999674e-01
3.256950000000000678e-01
3.314300000000000024e-01
3.311800000000000299e-01
3.357300000000000284e-01
3.323800000000000088e-01
3.380750000000000144e-01
3.372799999999999687e-01
3.399750000000000272e-01
3.414850000000000385e-01
3.426850000000000174e-01
3.444550000000000112e-01
3.456900000000000528e-01
3.439599999999999880e-01
3.459249999999999270e-01
3.471250000000000169e-01
3.487899999999999889e-01
3.505849999999999800e-01
3.498749999999999916e-01
3.512099999999999667e-01
3.553999999999999937e-01
3.524349999999999983e-01
3.567800000000000415e-01
