3.074125000000000330e-01
3.341500000000000581e-01
3.583374999999999755e-01
3.781125000000000180e-01
3.940874999999999795e-01
4.073249999999999926e-01
4.194875000000000131e-01
4.274875000000000203e-01
4.340999999999999859e-01
4.472625000000000073e-01
4.507500000000000395e-01
4.570875000000000354e-01
4.624750000000000250e-01
4.698875000000000135e-01
4.718249999999999944e-01
4.746249999999999636e-01
4.796625000000000472e-01
4.868999999999999995e-01
4.858250000000000068e-01
4.942375000000000518e-01
4.936375000000000068e-01
4.971999999999999753e-01
5.022250000000000325e-01
5.017499999999999183e-01
5.023874999999999869e-01
5.086125000000000229e-01
5.058750000000000746e-01
5.093125000000000568e-01
5.134750000000000147e-01
5.148249999999999771e-01
5.148750000000000826e-01
5.119500000000000162e-01
5.207000000000000517e-01
5.159124999999999961e-01
