3.429187499999999944e-01
4.048749999999999849e-01
4.521249999999999991e-01
4.815875000000000017e-01
5.127249999999999863e-01
5.381062500000000082e-01
5.559749999999999970e-01
5.723874999999999380e-01
5.862749999999999906e-01
5.973062500000000385e-01
6.094875000000000709e-01
6.187124999999999986e-01
6.255187499999999012e-01
6.351250000000000506e-01
6.400500000000000078e-01
6.460624999999999840e-01
6.493437499999998863e-01
6.560062500000001240e-01
6.629062500000000302e-01
6.652937500000000171e-01
6.688750000000002194e-01
6.704937499999999995e-01
6.767562499999999481e-01
6.791750000000000842e-01
6.807374999999998844e-01
6.853124999999999911e-01
6.873062500000000075e-01
6.889875000000000860e-01
6.907937499999999842e-01
6.951312499999999783e-01
6.959874999999999812e-01
6.997499999999999831e-01
7.000187500000001339e-01
6.992062500000000291e-01
7.013562500000000144e-01
7.020125000000000393e-01
7.048124999999998419e-01
