2.194195250659630725e-01
3.206332453825857520e-01
3.973614775725593518e-01
4.619525065963060451e-01
5.074406332453825774e-01
5.526121372031662649e-01
5.779419525065963015e-01
6.051715039577836297e-01
6.347229551451187834e-01
6.557255936675461250e-01
6.792612137203167810e-01
6.989973614775726318e-01
7.106068601583114264e-01
7.151451187335092774e-01
7.380474934036937995e-01
7.340369393139840604e-01
7.566226912928759596e-01
7.706596306068601576e-01
7.796306068601583927e-01
7.766754617414248774e-01
7.826912928759892640e-01
7.937730870712401687e-01
7.941952506596305916e-01
7.982058047493403308e-01
8.085488126649076346e-01
8.118205804749341059e-01
8.139313984168866645e-01
8.163588390501318459e-01
8.249076517150395471e-01
8.273350923482848396e-01
8.273350923482848396e-01
8.332453825857518703e-01
8.370448548812664535e-01
8.387335092348284782e-01
8.352506596306068509e-01
8.423218997361476834e-01
8.516094986807387635e-01
