2.068073878627968432e-01
3.206332453825856965e-01
3.830606860158312088e-01
4.364643799472295860e-01
4.811081794195251060e-01
5.300263852242743656e-01
5.715039577836411588e-01
5.763060686015830658e-01
6.016358839050133245e-01
6.221635883905013431e-01
6.506596306068601621e-01
6.601055408970976091e-01
6.744591029023745410e-01
6.826912928759893973e-01
6.986279683377308869e-01
7.046437994722956066e-01
7.184168865435356377e-01
7.263852242744063270e-01
7.267018469656991719e-01
7.399999999999999911e-01
7.425857519788918726e-01
7.488126649076518593e-01
7.511873350923482517e-01
7.606860158311344877e-01
7.637467018469656921e-01
7.686543535620053991e-01
7.765699208443271884e-01
7.735092348284960950e-01
7.770976253298154113e-01
7.900263852242743745e-01
7.932981530343009569e-01
7.943007915567281696e-01
7.965171503957784171e-01
7.958839050131925053e-01
8.042744063324537285e-01
8.031662269129286047e-01
8.053298153034299522e-01
