2.936235708003518408e-01
3.289797713280562252e-01
3.637642919964820254e-01
3.871152154793316424e-01
4.015831134564644134e-01
4.169305189094106301e-01
4.309146877748460946e-01
4.375989445910291042e-01
4.464379947229551449e-01
4.630167106420403633e-01
4.653034300791557554e-01
4.831134564643799201e-01
4.887423043095866504e-01
4.926561125769569061e-01
4.953386103781881600e-01
4.937554969217237688e-01
5.048812664907651460e-01
5.047493403693931180e-01
5.129287598944590743e-01
5.170184696569921634e-01
5.226912928759894772e-01
5.202726473175022237e-01
5.265171503957783994e-01
5.255496921723834536e-01
5.237467018469657010e-01
5.294635004397536537e-01
5.261213720316622044e-01
5.288478452066842639e-01
5.315743183817062123e-01
5.399736147757255855e-01
5.307827616534741555e-01
5.402374670184696415e-01
5.473175021987687350e-01
5.444591029023747586e-01
5.436675461741425908e-01
