9.970448548812664569e-02
1.230395778364116038e-01
1.429762532981530276e-01
1.641372031662269304e-01
1.726860158311345761e-01
1.878944591029023670e-01
1.958205804749340584e-01
2.089604221635883996e-01
2.099419525065963354e-01
2.110817941952506660e-01
2.115250659630606711e-01
2.219208443271767917e-01
2.250659630606860195e-01
2.299630606860158244e-01
2.332981530343007648e-01
2.390712401055408720e-01
2.378575197889181703e-01
2.400527704485488079e-01
2.430501319261213766e-01
2.407493403693931333e-01
2.473456464379947262e-01
2.438100263852242544e-01
2.447810026385224269e-01
2.513773087071239920e-01
2.455831134564643581e-01
2.529182058047493298e-01
2.549551451187335172e-01
2.550712401055408862e-01
2.562849604221635880e-01
2.510184696569920937e-01
2.610343007915567060e-01
2.627757255936675196e-01
2.601055408970976424e-01
2.596622691292875817e-01
2.599577836411609555e-01
