2.270712401055409169e-01
2.604397537379067873e-01
2.733861037818821615e-01
3.061213720316622866e-01
3.117326297273527169e-01
3.223218997361477767e-01
3.347581354441512280e-01
3.392788038698328901e-01
3.480035180299033137e-01
3.508707124010553846e-01
3.569393139841688933e-01
3.662093227792436734e-01
3.689885664028144108e-01
3.696042216358839116e-01
3.727176781002638495e-01
3.743183817062444296e-01
3.811257695690413727e-01
3.809322779243624058e-01
3.898328935795953853e-01
3.840633245382586436e-01
3.932102022867194346e-01
3.918029903254177659e-01
3.895866314863675739e-01
3.889885664028144285e-01
4.011257695690413350e-01
3.940545294635005025e-01
3.997361477572559108e-01
4.021284080914687142e-01
3.962181178540017390e-01
4.018117854001759248e-01
4.025857519788917926e-01
4.106596306068601709e-01
4.001759014951626336e-01
4.104661389621812040e-01
4.087598944591028793e-01
4.087950747581354793e-01
