1.260158311345646320e-01
1.316584998115341298e-01
1.372483980399547554e-01
1.450245005653976460e-01
1.534564643799472272e-01
1.537730870712400999e-01
1.576630229928382698e-01
1.625367508480965173e-01
1.622163588390501399e-01
1.672521673577082590e-01
1.671993969091594423e-01
1.662985299660761362e-01
1.704523181304183899e-01
1.786694308330192271e-01
1.750621937429325536e-01
1.774858650584244246e-01
1.747794949114210572e-01
1.779381831888428023e-01
1.813418771202412183e-01
1.800942329438371681e-01
1.837655484357331448e-01
1.814474180173388518e-01
1.828872973991707285e-01
1.821258952129664599e-01
1.854768186958160314e-01
1.889370523935167412e-01
1.858952129664530606e-01
1.861892197512250435e-01
1.871240105540896981e-01
1.819562759140595787e-01
1.840557859027515952e-01
1.841877120241236232e-01
1.883791933660007578e-01
1.837994722955145210e-01
