2.382761653474054775e-01
3.305364995602462774e-01
3.891996481970096400e-01
4.431310466138961845e-01
4.834476693051891760e-01
5.203518029903254627e-01
5.485488126649076257e-01
5.719437115215479928e-01
5.876693051890941044e-01
6.080738786279683561e-01
6.235883905013192008e-01
6.345118733509235165e-01
6.492524186455583823e-01
6.625329815303430125e-01
6.630782761653474244e-01
6.744063324538258630e-01
6.831838170624451312e-01
6.938610378188214689e-01
7.054177660510113634e-01
7.009674582233949014e-01
7.107651715039577933e-01
7.169744942832013690e-01
7.205452946350043852e-01
7.247845206684256913e-01
7.250131926121372583e-01
7.328056288478451696e-01
7.309586631486367780e-01
7.352682497801230621e-01
7.415303430079154268e-01
7.458223394898857439e-01
7.442216358839049972e-01
7.513280562884784297e-01
7.520492524186455086e-01
7.522955145118733755e-01
7.600175901495161979e-01
7.610378188214599326e-01
7.592963940193491190e-01
