2.840000000000000302e-01
4.053333333333333788e-01
4.995333333333333847e-01
5.558333333333332904e-01
5.990666666666665252e-01
6.471666666666665568e-01
6.766000000000000902e-01
7.098333333333333162e-01
7.291666666666666297e-01
7.436666666666666980e-01
7.575333333333332808e-01
7.728000000000000425e-01
7.876666666666667371e-01
7.954333333333333256e-01
8.068000000000000727e-01
8.209666666666667334e-01
8.266666666666666607e-01
8.355666666666666798e-01
8.447999999999999954e-01
8.467000000000000082e-01
8.569666666666667654e-01
8.607666666666666799e-01
8.631333333333333080e-01
8.726666666666664796e-01
8.707333333333332481e-01
8.738666666666667915e-01
8.827666666666665884e-01
8.833333333333333037e-01
8.889666666666666828e-01
8.920666666666666744e-01
8.949666666666666881e-01
8.951000000000001178e-01
8.987333333333334950e-01
8.996666666666667256e-01
9.040999999999999037e-01
9.061333333333332352e-01
9.096333333333332938e-01
