3.381183333333333541e-01
3.957283333333332931e-01
4.395916666666666583e-01
4.763966666666666350e-01
5.067233333333334144e-01
5.357816666666666006e-01
5.581716666666666216e-01
5.774433333333333085e-01
5.963049999999999740e-01
6.125533333333332831e-01
6.257916666666665240e-01
6.368366666666666065e-01
6.502399999999999292e-01
6.622466666666666502e-01
6.694966666666666288e-01
6.793616666666666415e-01
6.881933333333332126e-01
6.953216666666666157e-01
7.022516666666667184e-01
7.084116666666667728e-01
7.140566666666666729e-01
7.200116666666664944e-01
7.255116666666667768e-01
7.313833333333332742e-01
7.349266666666666170e-01
7.405999999999999250e-01
7.438516666666665778e-01
7.482883333333332221e-01
7.517399999999999638e-01
7.548866666666667058e-01
7.583050000000000068e-01
7.608466666666666711e-01
7.658049999999999580e-01
