2.981649999999999578e-01
3.041200000000000014e-01
3.146750000000000380e-01
3.205299999999999816e-01
3.230900000000000438e-01
3.272750000000000381e-01
3.321399999999999908e-01
3.354750000000000232e-01
3.374199999999999977e-01
3.387100000000000111e-01
3.448050000000000281e-01
3.455399999999999583e-01
3.502549999999999830e-01
3.500399999999999623e-01
3.511250000000000204e-01
3.532399999999999984e-01
3.553050000000000375e-01
3.544600000000000528e-01
3.557350000000000234e-01
3.556349999999999789e-01
3.584150000000000391e-01
3.596600000000000352e-01
3.612999999999999545e-01
3.627400000000000069e-01
3.612350000000000283e-01
3.612100000000000311e-01
3.650349999999999429e-01
3.646249999999999769e-01
3.633049999999999891e-01
3.656249999999999778e-01
3.659600000000000630e-01
