3.299799999999999955e-01
4.257299999999999973e-01
4.915399999999999769e-01
5.415099999999999358e-01
5.804700000000000415e-01
6.088799999999999768e-01
6.328099999999999836e-01
6.542400000000000437e-01
6.704999999999999849e-01
6.852399999999999602e-01
6.976199999999999068e-01
7.060599999999999099e-01
7.147400000000000420e-01
7.261200000000000987e-01
7.361299999999999510e-01
7.361999999999999655e-01
7.451900000000000190e-01
7.475899999999998657e-01
7.552400000000000224e-01
7.635099999999999110e-01
7.666000000000000592e-01
7.695999999999999508e-01
7.720299999999999940e-01
7.744299999999999518e-01
7.797899999999999832e-01
7.840300000000001157e-01
7.840399999999999592e-01
7.885900000000000132e-01
7.890600000000000946e-01
7.920300000000000118e-01
7.942000000000000171e-01
7.967199999999999838e-01
7.992200000000000415e-01
8.011700000000000488e-01
8.004700000000000149e-01
8.035099999999999465e-01
8.024200000000000221e-01
