5.000000000000000971e-03
8.103000000000002562e-03
2.009100000000000469e-02
5.688400000000000400e-02
1.259039999999999881e-01
2.274800000000000155e-01
3.173989999999999867e-01
3.966950000000000198e-01
4.773589999999999778e-01
5.271219999999999795e-01
5.705030000000000934e-01
6.126409999999999911e-01
6.523870000000000502e-01
6.715210000000001456e-01
7.096029999999999838e-01
7.371940000000001270e-01
7.573670000000000124e-01
7.619700000000000362e-01
7.763090000000000268e-01
7.997770000000001822e-01
7.986300000000000621e-01
8.135750000000000481e-01
8.287600000000001632e-01
8.323019999999999863e-01
8.413879999999999137e-01
8.500480000000000258e-01
8.584149999999999281e-01
8.653940000000001076e-01
8.696650000000000214e-01
8.757880000000000109e-01
8.728090000000000570e-01
8.849790000000000711e-01
8.867030000000000189e-01
8.919820000000000526e-01
8.993630000000000235e-01
8.984370000000000411e-01
9.039489999999998915e-01
9.086310000000001885e-01
9.026160000000000849e-01
9.069619999999999349e-01
9.140670000000000739e-01
