5.000000000000000971e-03
6.749000000000001526e-03
1.013900000000000218e-02
1.645900000000000141e-02
3.031000000000000361e-02
4.993600000000000816e-02
8.330399999999998917e-02
1.189239999999999881e-01
1.591040000000000232e-01
1.885050000000000059e-01
2.283870000000000067e-01
2.650649999999999951e-01
2.972679999999999767e-01
3.260680000000000245e-01
3.454539999999999833e-01
3.747449999999999948e-01
3.954859999999999487e-01
4.194689999999999808e-01
4.341010000000000146e-01
4.522380000000000289e-01
4.758529999999999704e-01
4.857709999999999528e-01
4.975510000000000210e-01
5.090980000000000505e-01
5.176830000000000043e-01
5.311919999999998865e-01
5.346459999999999546e-01
5.523660000000000236e-01
5.605409999999999560e-01
5.701370000000001159e-01
5.758029999999999538e-01
5.819919999999999538e-01
5.892290000000001138e-01
6.000399999999999068e-01
6.117610000000001103e-01
6.084730000000000416e-01
6.098250000000000615e-01
6.210240000000001315e-01
6.254270000000000662e-01
6.328110000000000124e-01
6.358779999999999433e-01
