5.000000000000000971e-03
8.067000000000001253e-03
1.754800000000000457e-02
4.893299999999999733e-02
1.159259999999999735e-01
1.993019999999999792e-01
2.861169999999999547e-01
3.650799999999999601e-01
4.294279999999999764e-01
4.867130000000000623e-01
5.380229999999999180e-01
5.822960000000000358e-01
6.088640000000000718e-01
6.523230000000000972e-01
6.718980000000001063e-01
7.019380000000000619e-01
7.155139999999999834e-01
7.439439999999999387e-01
7.424070000000000391e-01
7.600110000000001031e-01
7.776440000000001129e-01
7.877290000000000125e-01
7.932489999999999819e-01
8.111800000000001232e-01
8.188440000000000163e-01
8.278959999999999653e-01
8.321450000000001346e-01
8.388579999999999925e-01
8.415150000000001240e-01
8.499259999999999593e-01
8.607730000000000103e-01
8.590920000000000778e-01
8.685430000000000650e-01
8.781210000000000404e-01
8.722469999999999946e-01
8.756589999999999652e-01
8.860070000000001000e-01
8.875600000000001266e-01
8.909910000000000885e-01
8.924830000000000263e-01
9.003710000000000324e-01
