5.000000000000000971e-03
8.885000000000002271e-03
1.702400000000000441e-02
3.171200000000000407e-02
5.090699999999999392e-02
7.515800000000000258e-02
9.325999999999999568e-02
1.181879999999999875e-01
1.346219999999999917e-01
1.511560000000000126e-01
1.648799999999999710e-01
1.772679999999999811e-01
1.948919999999999819e-01
2.072479999999999878e-01
2.149969999999999937e-01
2.308979999999999644e-01
2.347159999999999802e-01
2.341599999999999793e-01
2.479759999999999465e-01
2.532260000000000066e-01
2.634500000000000175e-01
2.697990000000000110e-01
2.699760000000000493e-01
2.748729999999999785e-01
2.794599999999999862e-01
2.879069999999999685e-01
2.766040000000000165e-01
2.849069999999999658e-01
2.911400000000000099e-01
2.928630000000000400e-01
3.024399999999999866e-01
3.009610000000000340e-01
3.086750000000000327e-01
3.100659999999999528e-01
3.036329999999999862e-01
3.139540000000000108e-01
3.103160000000000363e-01
3.106249999999999845e-01
3.204290000000000749e-01
3.174389999999999712e-01
3.098230000000000151e-01
