5.000000000000000971e-03
9.003000000000002320e-03
2.764900000000000690e-02
8.203499999999999681e-02
1.619919999999999694e-01
2.433919999999999695e-01
2.979409999999999559e-01
3.406249999999999556e-01
3.868160000000000487e-01
4.094649999999999679e-01
4.312699999999999867e-01
4.581149999999999389e-01
4.766120000000000356e-01
4.987920000000000131e-01
4.964410000000000212e-01
5.148589999999999556e-01
5.210590000000000499e-01
5.319389999999999397e-01
5.392400000000000526e-01
5.584800000000001985e-01
5.635400000000000409e-01
5.555670000000000330e-01
5.582700000000000440e-01
5.642669999999999630e-01
5.684059999999999668e-01
5.828369999999999385e-01
5.846530000000000893e-01
5.820980000000000043e-01
5.776299999999999768e-01
5.854960000000000164e-01
5.927559999999999496e-01
5.813080000000000469e-01
5.890900000000000025e-01
5.893819999999999615e-01
6.017109999999999959e-01
5.956320000000000503e-01
6.010100000000000442e-01
6.031580000000000830e-01
6.111760000000000526e-01
6.093310000000000670e-01
6.073849999999999527e-01
