5.000000000000000971e-03
2.120500000000000509e-02
6.365099999999999925e-02
1.070919999999999928e-01
1.285209999999999686e-01
1.428029999999999855e-01
1.515039999999999720e-01
1.679169999999999829e-01
1.738239999999999785e-01
1.789429999999999632e-01
1.808729999999999505e-01
1.850999999999999868e-01
1.877559999999999785e-01
1.974709999999999799e-01
1.961019999999999708e-01
1.971479999999999899e-01
1.937119999999999953e-01
2.013149999999999662e-01
2.035179999999999767e-01
2.008529999999999482e-01
1.978759999999999686e-01
2.070459999999999523e-01
2.078909999999999647e-01
2.138519999999999865e-01
2.051889999999999825e-01
2.084969999999999879e-01
2.074309999999999765e-01
2.055559999999999887e-01
2.033359999999999612e-01
2.085709999999999786e-01
2.069729999999999626e-01
2.201759999999999828e-01
2.176029999999999631e-01
2.128189999999999804e-01
2.117149999999999865e-01
2.028459999999999153e-01
2.151769999999999516e-01
2.124860000000000082e-01
2.123459999999999792e-01
2.137419999999999876e-01
2.167759999999999965e-01
