5.000000000000000971e-03
8.340999999999999456e-03
2.423800000000000260e-02
7.995199999999999529e-02
1.638009999999999744e-01
2.556199999999999584e-01
3.522300000000000431e-01
4.128330000000000055e-01
4.700860000000000594e-01
5.088480000000000780e-01
5.456489999999999396e-01
5.793220000000001146e-01
5.941080000000000805e-01
6.090010000000000145e-01
6.398500000000000298e-01
6.518760000000001220e-01
6.615290000000000337e-01
6.816390000000002170e-01
6.869500000000001716e-01
6.956370000000000609e-01
6.998690000000000744e-01
7.127510000000001344e-01
7.193530000000001312e-01
7.240109999999999602e-01
7.312670000000000003e-01
7.410489999999999577e-01
7.510980000000000434e-01
7.496460000000001456e-01
7.549240000000001505e-01
7.651120000000001253e-01
7.529790000000000649e-01
7.565280000000000893e-01
7.618210000000000814e-01
7.622879999999999656e-01
7.699220000000001063e-01
7.797049999999999814e-01
7.755390000000000894e-01
7.761350000000000193e-01
7.767170000000001018e-01
7.858479999999999910e-01
7.761330000000000728e-01
