5.000000000000000971e-03
7.501000000000000723e-03
1.739800000000000374e-02
4.101099999999999884e-02
8.481899999999999162e-02
1.295659999999999867e-01
1.733339999999999881e-01
2.127890000000000059e-01
2.419049999999999534e-01
2.654509999999999370e-01
2.882279999999999842e-01
3.181249999999999911e-01
3.378889999999999949e-01
3.406579999999999608e-01
3.431939999999999991e-01
3.604359999999999786e-01
3.657919999999999505e-01
3.820850000000000080e-01
3.849799999999999889e-01
3.961349999999999594e-01
3.990979999999999528e-01
4.061300000000000465e-01
4.129259999999999597e-01
4.131749999999999590e-01
4.176229999999999665e-01
4.197160000000000335e-01
4.323050000000000503e-01
4.349819999999999798e-01
4.475910000000000166e-01
4.370269999999999988e-01
4.496309999999999474e-01
4.526449999999999640e-01
4.490570000000000395e-01
4.515569999999999862e-01
4.416200000000000125e-01
4.587910000000000044e-01
4.455419999999999381e-01
4.490250000000000075e-01
4.516450000000000187e-01
4.642749999999999932e-01
4.634599999999999831e-01
