2.638522427440634019e-03
6.011609498680739287e-03
1.000158311345646610e-02
1.474881266490765154e-02
1.958944591029023949e-02
2.439577836411609482e-02
2.924907651715039081e-02
3.381741424802111456e-02
3.681213720316622862e-02
4.285751978891821218e-02
4.543641160949868363e-02
4.882849604221636136e-02
5.150184696569920506e-02
5.320052770448549517e-02
5.832348284960423013e-02
6.038944591029024589e-02
6.219894459102903034e-02
6.450184696569920273e-02
6.782744063324538941e-02
6.776939313984169100e-02
7.151715039577836996e-02
7.356464379947229293e-02
7.250501319261214161e-02
7.520422163588391662e-02
7.594617414248021336e-02
7.836622691292877141e-02
7.947757255936675758e-02
8.351292875989446696e-02
8.165382585751979061e-02
8.627335092348285828e-02
8.272559366754618504e-02
8.698680738786279676e-02
8.882427440633246241e-02
8.942955145118734739e-02
8.679577836411611624e-02
9.221530343007916519e-02
8.820211081794195052e-02
9.042374670184696872e-02
9.321424802110818419e-02
9.075567282321900242e-02
9.438364116094988265e-02
