2.638522427440634019e-03
5.174670184696570675e-03
6.917678100263852797e-03
8.023746701846965965e-03
9.079683377308708433e-03
1.009920844327176839e-02
1.056306068601583353e-02
1.111767810026385341e-02
1.124221635883904981e-02
1.194511873350923362e-02
1.227968337730870989e-02
1.213192612137203169e-02
1.264485488126649432e-02
1.286015831134564719e-02
1.276042216358838979e-02
1.306649076517150433e-02
1.339788918205804882e-02
1.298100263852242781e-02
1.340580474934036960e-02
1.384643799472295468e-02
1.395567282321899874e-02
1.383799472295514470e-02
1.397255936675461697e-02
1.391767810026385381e-02
1.415461741424802258e-02
1.374881266490765412e-02
1.388601583113456550e-02
1.437783641160949970e-02
1.388812664907651886e-02
1.424010554089709737e-02
1.439788918205804971e-02
1.443905013192612122e-02
1.489498680738786385e-02
1.478627968337731073e-02
1.471926121372031659e-02
1.486754617414248053e-02
1.497941952506596369e-02
1.461635883905013436e-02
1.470395778364116252e-02
1.493931398416886713e-02
1.467915567282322177e-02
