2.638522427440634019e-03
5.511873350923482580e-03
9.674406332453826599e-03
1.588126649076517308e-02
2.488126649076517413e-02
3.625857519788918543e-02
5.273562005277045162e-02
6.967651715039578642e-02
8.677994722955145734e-02
1.086005277044855000e-01
1.275989445910290232e-01
1.514216358839050036e-01
1.688306068601582999e-01
1.930432717678100540e-01
2.122353562005276917e-01
2.268332453825857853e-01
2.484949868073878521e-01
2.641160949868074370e-01
2.884923482849603982e-01
3.012390501319260894e-01
3.164907651715039849e-01
3.273050131926121264e-01
3.346200527704485950e-01
3.592042216358839468e-01
3.736153034300791487e-01
3.811182058047493659e-01
3.963171503957784170e-01
3.970527704485488640e-01
4.081187335092348878e-01
4.153999999999999915e-01
4.314802110817941849e-01
4.410232189973615213e-01
4.490459102902375488e-01
4.555920844327177033e-01
4.689393139841688818e-01
4.737667546174142430e-01
4.779498680738786809e-01
4.904168865435357683e-01
4.923160949868074510e-01
4.989419525065963423e-01
5.020437994722954933e-01
