2.638522427440634019e-03
5.540897097625330052e-03
1.064168865435356423e-02
1.785118733509235070e-02
2.971029023746701511e-02
4.710343007915567676e-02
6.644063324538258819e-02
8.981266490765171806e-02
1.195905013192612165e-01
1.521408970976253217e-01
1.813757255936675472e-01
2.121662269129287459e-01
2.434638522427440555e-01
2.753482849604221294e-01
3.032543535620053077e-01
3.304137203166226944e-01
3.564026385224274840e-01
3.724474934036939855e-01
4.029372031662269982e-01
4.224300791556728218e-01
4.440934036939314655e-01
4.666174142480210563e-01
4.739034300791556409e-01
4.934052770448549285e-01
5.140944591029024124e-01
5.322163588390502742e-01
5.409467018469656940e-01
5.539213720316623624e-01
5.680321899736148206e-01
5.832496042216358534e-01
5.858612137203167425e-01
5.998200527704485863e-01
6.085461741424802451e-01
6.167514511873352090e-01
6.214242744063325219e-01
6.335978891820581715e-01
6.439741424802112313e-01
6.508907651715040155e-01
6.573134564643798861e-01
6.644691292875989364e-01
6.657604221635884389e-01
