2.638522427440634019e-03
5.682849604221635632e-03
1.134670184696569967e-02
2.146226912928760056e-02
3.593192612137202646e-02
5.541213720316623403e-02
8.210923482849603883e-02
1.103873350923482849e-01
1.413894459102902346e-01
1.694839050131926039e-01
2.016575197889182158e-01
2.359445910290237647e-01
2.650258575197889654e-01
2.842258575197889048e-01
3.154490765171504840e-01
3.401683377308707401e-01
3.629656992084433487e-01
3.799303430079155608e-01
4.034970976253298147e-01
4.158564643799472771e-01
4.438184696569921761e-01
4.536306068601583807e-01
4.663831134564644376e-01
4.813741424802111535e-01
4.859108179419525664e-01
4.970844327176781596e-01
5.016691292875989916e-01
5.220949868073879729e-01
5.296949868073879131e-01
5.351023746701847328e-01
5.452664907651714188e-01
5.528480211081794327e-01
5.633503957783642102e-01
5.709287598944591258e-01
5.738153034300792488e-01
5.781646437994724108e-01
5.892401055408972299e-01
5.881989445910290604e-01
5.972168865435356633e-01
5.988116094986807303e-01
6.039197889182058576e-01
