2.638522427440634019e-03
6.199472295514512309e-03
9.536675461741426010e-03
1.232453825857519891e-02
1.420369393139841833e-02
1.488496042216358797e-02
1.726596306068601400e-02
1.779313984168865923e-02
1.915514511873350756e-02
1.886385224274406136e-02
2.049551451187335213e-02
2.065171503957783858e-02
2.056728232189973526e-02
2.234195250659630483e-02
2.120158311345646598e-02
2.154195250659630967e-02
2.307440633245382705e-02
2.232453825857520086e-02
2.143905013192612397e-02
2.328021108179419499e-02
2.379313984168865415e-02
2.311187335092348277e-02
2.276569920844327688e-02
2.493931398416886908e-02
2.423377308707123923e-02
2.312612137203166190e-02
2.374353562005276919e-02
2.306860158311345443e-02
2.339841688654353477e-02
2.456411609498681051e-02
2.424643799472295594e-02
2.455989445910290031e-02
2.540686015831135347e-02
2.516517150395778529e-02
2.526174142480211091e-02
2.430870712401055761e-02
2.492928759894458973e-02
2.551345646437994802e-02
2.522427440633245865e-02
2.560158311345646365e-02
2.527124010554089931e-02
