2.638522427440634019e-03
7.013192612137203463e-03
1.439261213720316804e-02
2.217730870712401187e-02
3.069393139841688697e-02
4.080897097625330039e-02
4.676517150395778644e-02
5.485751978891820896e-02
6.422796833773088132e-02
7.173667546174143650e-02
7.558786279683377130e-02
8.145065963060686698e-02
8.233456464379947104e-02
9.055356200527704680e-02
9.598258575197889109e-02
9.775145118733508109e-02
1.008058047493403664e-01
1.063846965699208336e-01
1.063329815303430126e-01
1.112242744063324518e-01
1.101113456464379858e-01
1.136970976253298127e-01
1.149757255936675326e-01
1.160986807387862640e-01
1.218401055408970812e-01
1.229952506596306006e-01
1.221978891820580532e-01
1.222870712401055437e-01
1.267393139841688776e-01
1.308617414248021138e-01
1.296812664907651680e-01
1.305408970976253691e-01
1.364480211081794125e-01
1.317952506596306028e-01
1.339129287598944673e-01
1.324490765171504048e-01
1.335340369393139548e-01
1.380860158311345842e-01
1.383414248021108128e-01
1.347065963060685989e-01
1.376759894459102795e-01
