2.638522427440634019e-03
5.709762532981530608e-03
1.134459102902374630e-02
1.983957783641161071e-02
3.191451187335092587e-02
4.739525065963062084e-02
6.438153034300790611e-02
8.276622691292877254e-02
1.023820580474934100e-01
1.189672823218997366e-01
1.356195250659630591e-01
1.524237467018469683e-01
1.699218997361477690e-01
1.825920844327176829e-01
1.963530343007915402e-01
2.104364116094986914e-01
2.170216358839049953e-01
2.308675461741424850e-01
2.426485488126649548e-01
2.492358839050131669e-01
2.549963060686016303e-01
2.628021108179419696e-01
2.787577836411609389e-01
2.771303430079156138e-01
2.857984168865435048e-01
2.953799472295514650e-01
3.003324538258576037e-01
3.067625329815303892e-01
3.124554089709763449e-01
3.173562005277045239e-01
3.242638522427441217e-01
3.314934036939314321e-01
3.259340369393139980e-01
3.305229551451187575e-01
3.370691292875989120e-01
3.494849604221635930e-01
3.393889182058047460e-01
3.450232189973615471e-01
3.505108179419524905e-01
3.536079155672823826e-01
3.580976253298153722e-01
