5.000000000000000971e-03
7.263000000000002093e-03
1.254400000000000306e-02
3.107200000000000240e-02
8.547099999999999143e-02
1.761579999999999813e-01
2.953669999999999907e-01
3.898349999999999316e-01
4.733459999999999335e-01
5.277260000000000284e-01
5.745429999999999149e-01
6.248300000000001075e-01
6.446070000000000411e-01
6.803300000000001013e-01
6.985559999999999548e-01
7.268360000000000376e-01
7.453750000000001208e-01
7.636530000000001372e-01
7.756929999999999659e-01
7.866790000000001282e-01
8.157999999999999696e-01
8.145260000000000833e-01
8.273369999999999891e-01
8.332240000000000757e-01
8.279420000000000668e-01
8.465770000000001350e-01
8.448230000000001017e-01
8.542999999999999483e-01
8.618900000000000450e-01
8.696199999999999486e-01
8.749680000000001900e-01
8.758469999999999311e-01
8.762110000000000731e-01
8.851379999999999804e-01
8.819690000000000030e-01
8.886140000000001260e-01
8.923240000000000061e-01
8.992740000000000178e-01
9.038450000000001205e-01
8.944949999999999291e-01
9.030610000000000026e-01
