5.000000000000000971e-03
7.884000000000000383e-03
1.187200000000000061e-02
1.918000000000000260e-02
2.551200000000000342e-02
3.708900000000001085e-02
4.793600000000000638e-02
6.077900000000000663e-02
7.571899999999999464e-02
8.736499999999998434e-02
9.873900000000000732e-02
1.087369999999999726e-01
1.203919999999999990e-01
1.320209999999999717e-01
1.453020000000000145e-01
1.536750000000000060e-01
1.622159999999999991e-01
1.670960000000000223e-01
1.800289999999999668e-01
1.910590000000000066e-01
1.901389999999999747e-01
1.893589999999999995e-01
2.020049999999999901e-01
2.005649999999999933e-01
2.118729999999999780e-01
2.103659999999999697e-01
2.165239999999999942e-01
2.176789999999999559e-01
2.302419999999999745e-01
2.282419999999999727e-01
2.348679999999999934e-01
2.380149999999999766e-01
2.334910000000000041e-01
2.396289999999999809e-01
2.491620000000000223e-01
2.375299999999999356e-01
2.554400000000000004e-01
2.497749999999999970e-01
2.582369999999999943e-01
2.569640000000000257e-01
2.571039999999999437e-01
