5.000000000000000971e-03
7.385000000000001806e-03
1.261400000000000368e-02
2.616800000000000376e-02
6.744899999999999507e-02
1.506429999999999714e-01
2.549379999999999424e-01
3.485599999999999810e-01
4.255669999999999731e-01
4.922050000000000591e-01
5.404280000000000195e-01
5.917620000000000102e-01
6.269100000000000783e-01
6.559570000000001233e-01
6.724010000000002485e-01
7.028380000000000738e-01
7.198839999999999684e-01
7.387850000000000250e-01
7.601460000000000994e-01
7.724020000000000330e-01
7.949419999999999265e-01
7.985340000000000771e-01
8.032190000000000163e-01
8.155010000000001424e-01
8.204290000000000749e-01
8.301899999999999835e-01
8.304330000000000878e-01
8.365700000000000358e-01
8.454169999999999741e-01
8.502350000000000740e-01
8.674070000000000391e-01
8.572319999999999940e-01
8.689670000000001560e-01
8.741260000000000696e-01
8.765150000000000441e-01
8.757559999999999789e-01
8.812220000000000608e-01
8.856869999999998910e-01
8.827950000000002184e-01
8.814779999999999838e-01
8.927410000000000068e-01
