5.000000000000000971e-03
6.353000000000001007e-03
8.587000000000002617e-03
1.255100000000000139e-02
1.842600000000000141e-02
2.797900000000000387e-02
4.612800000000000233e-02
7.095699999999999230e-02
1.001939999999999914e-01
1.394369999999999776e-01
1.755269999999999886e-01
2.157519999999999993e-01
2.600529999999999786e-01
2.909199999999999564e-01
3.156039999999999401e-01
3.531809999999999672e-01
3.788980000000000126e-01
4.059249999999999803e-01
4.237310000000000243e-01
4.497659999999999991e-01
4.666690000000000005e-01
4.872069999999999457e-01
5.123800000000000576e-01
5.167460000000000386e-01
5.264419999999999655e-01
5.290150000000000130e-01
5.486879999999999535e-01
5.564279999999999227e-01
5.606300000000000727e-01
5.688050000000000050e-01
5.810980000000000034e-01
5.931300000000000461e-01
6.081270000000000842e-01
6.048019999999999508e-01
6.154390000000000693e-01
6.196000000000000396e-01
6.240050000000000319e-01
6.379760000000000986e-01
6.307239999999999513e-01
6.383260000000000600e-01
6.495800000000000463e-01
