5.000000000000000971e-03
1.435700000000000170e-02
5.685699999999999088e-02
1.026879999999999876e-01
1.294879999999999642e-01
1.456179999999999697e-01
1.587439999999999685e-01
1.736959999999999615e-01
1.789449999999999652e-01
1.825279999999999958e-01
1.878979999999999539e-01
1.908509999999999929e-01
1.955379999999999896e-01
1.982359999999999678e-01
1.982999999999999485e-01
2.001479999999999926e-01
1.973739999999999661e-01
2.122129999999999572e-01
2.066379999999999884e-01
2.002539999999999876e-01
2.128339999999999677e-01
2.076829999999999787e-01
2.115039999999999698e-01
2.169149999999999689e-01
2.107919999999999794e-01
2.132329999999999781e-01
2.058299999999999574e-01
2.182819999999999760e-01
2.139559999999999518e-01
2.141889999999999628e-01
2.123869999999999925e-01
2.128039999999999932e-01
2.194969999999999422e-01
2.157129999999999603e-01
2.106959999999999666e-01
2.171969999999999734e-01
2.147859999999999769e-01
2.181039999999999646e-01
2.165799999999999670e-01
2.161539999999999573e-01
2.083819999999999562e-01
