5.000000000000000971e-03
6.685000000000000837e-03
1.109800000000000196e-02
2.656700000000000381e-02
6.277799999999998659e-02
1.148729999999999890e-01
1.596219999999999306e-01
2.077209999999999612e-01
2.521119999999999473e-01
2.654639999999999778e-01
2.998730000000000007e-01
3.251509999999999678e-01
3.401849999999999596e-01
3.434159999999999435e-01
3.573689999999999367e-01
3.688870000000000204e-01
3.746609999999999663e-01
3.765799999999999703e-01
3.988200000000000078e-01
4.012560000000000016e-01
4.069019999999999304e-01
4.116410000000000347e-01
4.162469999999999226e-01
4.216500000000000248e-01
4.187359999999999971e-01
4.358180000000000387e-01
4.372149999999999648e-01
4.373769999999999603e-01
4.378009999999999957e-01
4.363830000000000209e-01
4.383229999999999627e-01
4.493240000000000567e-01
4.573970000000000535e-01
4.550139999999999185e-01
4.463920000000000110e-01
4.457450000000000023e-01
4.534440000000000137e-01
4.708440000000000403e-01
4.655869999999999731e-01
4.707150000000000500e-01
4.719830000000000414e-01
