5.000000000000000971e-03
7.257000000000001297e-03
1.419100000000000222e-02
4.458899999999999669e-02
1.241439999999999905e-01
2.394809999999999717e-01
3.378579999999999917e-01
4.062019999999999520e-01
4.710350000000000370e-01
5.155690000000000550e-01
5.521840000000000082e-01
5.830899999999999972e-01
6.037959999999999994e-01
6.268550000000000511e-01
6.431590000000000362e-01
6.559620000000000450e-01
6.634140000000000592e-01
6.857610000000001760e-01
6.925520000000000564e-01
7.068010000000000126e-01
7.034070000000001155e-01
7.126650000000001040e-01
7.193540000000000489e-01
7.266059999999999741e-01
7.288120000000000154e-01
7.360120000000001106e-01
7.263110000000001509e-01
7.477960000000000163e-01
7.499280000000000390e-01
7.417059999999999764e-01
7.531680000000000597e-01
7.575210000000001109e-01
7.614929999999999755e-01
7.704950000000000410e-01
7.626890000000000613e-01
7.769329999999998737e-01
7.750449999999999839e-01
7.764130000000000198e-01
7.750590000000000535e-01
7.859560000000000990e-01
7.771000000000001240e-01
