5.000000000000000971e-03
7.593000000000001658e-03
1.639800000000000285e-02
5.580499999999999350e-02
1.384910000000000030e-01
2.322399999999999742e-01
2.955619999999999359e-01
3.555079999999999907e-01
3.949059999999999793e-01
4.208810000000000051e-01
4.414419999999998900e-01
4.575249999999999595e-01
4.804609999999999714e-01
4.950469999999999593e-01
5.132470000000000088e-01
5.093920000000000670e-01
5.301050000000000484e-01
5.383029999999999760e-01
5.503560000000000674e-01
5.343479999999999341e-01
5.486370000000000413e-01
5.558100000000000263e-01
5.485659999999999981e-01
5.725990000000000801e-01
5.661100000000000021e-01
5.719079999999999719e-01
5.676050000000000262e-01
5.878590000000001314e-01
5.875780000000000447e-01
5.824980000000000713e-01
5.940169999999999062e-01
5.820240000000000968e-01
5.906200000000000339e-01
5.934169999999999723e-01
5.780490000000000350e-01
5.977060000000000706e-01
5.979110000000000813e-01
6.090740000000001153e-01
6.020130000000000203e-01
6.027510000000000367e-01
5.996700000000000363e-01
