3.314000000000000279e-01
3.820499999999998897e-01
4.143499999999999961e-01
4.565500000000000669e-01
4.688500000000000445e-01
4.959999999999999409e-01
5.122499999999999831e-01
5.277999999999999359e-01
5.527000000000000801e-01
5.669499999999999540e-01
5.780499999999999527e-01
5.974499999999999256e-01
6.027000000000000135e-01
6.133000000000000673e-01
6.261499999999999844e-01
6.260999999999998789e-01
6.315500000000000558e-01
6.473999999999999755e-01
6.546000000000000707e-01
6.605500000000000815e-01
6.672000000000001263e-01
6.748000000000000664e-01
6.779000000000000581e-01
6.846000000000000973e-01
6.913500000000000201e-01
6.908000000000000806e-01
6.968499999999998584e-01
7.023500000000001409e-01
7.016499999999998849e-01
7.066999999999999948e-01
7.121499999999998387e-01
7.109499999999999709e-01
7.168000000000002148e-01
