2.755000000000000226e-01
3.673499999999998988e-01
4.323000000000000176e-01
5.051499999999999879e-01
5.441000000000000281e-01
5.795999999999998931e-01
6.086499999999999133e-01
6.353999999999999648e-01
6.661999999999999034e-01
6.814000000000000057e-01
7.007499999999999840e-01
7.139499999999999735e-01
7.321000000000000840e-01
7.412500000000001865e-01
7.526000000000000467e-01
7.661000000000000032e-01
7.755999999999998451e-01
7.818999999999999284e-01
7.917999999999999483e-01
8.016500000000000847e-01
8.057000000000001938e-01
8.153000000000000247e-01
8.171499999999999320e-01
8.238500000000000822e-01
8.247000000000000997e-01
8.288499999999997536e-01
8.381499999999999506e-01
8.425499999999997991e-01
8.480499999999999705e-01
8.526000000000000245e-01
8.556999999999999051e-01
8.598000000000000087e-01
8.654500000000001636e-01
8.665000000000000480e-01
8.645500000000001517e-01
8.693000000000000727e-01
8.721499999999999808e-01
