2.807499999999999996e-01
3.724999999999999423e-01
4.285833333333333162e-01
5.180833333333333401e-01
5.534999999999999920e-01
5.972500000000000586e-01
6.311666666666667647e-01
6.466666666666665009e-01
6.720000000000000417e-01
6.864166666666665639e-01
7.200833333333334085e-01
7.237500000000001155e-01
7.489166666666665639e-01
7.469999999999999973e-01
7.609999999999998987e-01
7.704166666666666385e-01
7.891666666666665719e-01
7.913333333333333330e-01
8.019166666666666110e-01
8.140833333333332700e-01
8.133333333333333526e-01
8.245000000000000107e-01
8.235000000000000098e-01
8.329999999999999627e-01
8.345000000000000195e-01
8.436666666666667869e-01
8.469999999999999751e-01
8.516666666666667940e-01
8.562499999999999556e-01
8.574999999999999289e-01
8.609999999999998765e-01
8.746666666666664813e-01
8.655833333333331492e-01
8.699166666666666714e-01
8.763333333333332975e-01
8.782499999999999751e-01
