2.688333333333333131e-01
2.999666666666667147e-01
3.314000000000000279e-01
3.516000000000000236e-01
3.704333333333333367e-01
3.937000000000000499e-01
4.055666666666666309e-01
4.232666666666666799e-01
4.381666666666666488e-01
4.431000000000000494e-01
4.587666666666667670e-01
4.771333333333332982e-01
4.828666666666667218e-01
4.815999999999999726e-01
4.841333333333333599e-01
4.966333333333333711e-01
5.075333333333332808e-01
5.169333333333332448e-01
5.154999999999999583e-01
5.210666666666666780e-01
5.238666666666667027e-01
5.324999999999999734e-01
5.410333333333333661e-01
5.331666666666666776e-01
5.424999999999999822e-01
5.463000000000000078e-01
5.452666666666665662e-01
5.474000000000001087e-01
5.571333333333332583e-01
5.511000000000000343e-01
5.559666666666667201e-01
5.611666666666667025e-01
5.592666666666665787e-01
