2.832799999999999763e-01
3.133849999999999691e-01
3.279799999999999938e-01
3.418100000000000027e-01
3.608199999999999741e-01
3.713899999999999979e-01
3.790900000000000380e-01
3.894700000000000384e-01
4.006799999999999806e-01
3.992999999999999328e-01
4.122699999999999698e-01
4.159050000000000247e-01
4.170900000000000163e-01
4.250500000000000389e-01
4.339450000000000252e-01
4.354299999999999837e-01
4.396849999999999925e-01
4.379399999999999959e-01
4.391450000000000631e-01
4.493150000000000754e-01
4.501450000000000173e-01
4.568999999999999728e-01
4.547850000000000503e-01
4.623749999999999805e-01
4.572850000000000525e-01
4.667799999999999727e-01
4.566699999999999648e-01
4.675749999999999629e-01
4.632350000000000079e-01
4.717199999999999727e-01
4.666499999999999537e-01
4.719350000000000489e-01
4.682749999999999968e-01
4.742350000000000176e-01
