3.408200000000000673e-01
4.232599999999999696e-01
4.842699999999999783e-01
5.322200000000000264e-01
5.720299999999999274e-01
6.040499999999999758e-01
6.351900000000000324e-01
6.551900000000000501e-01
6.758799999999999253e-01
6.888699999999998713e-01
7.063900000000000734e-01
7.203099999999998948e-01
7.390499999999999847e-01
7.448499999999999011e-01
7.580599999999999561e-01
7.677100000000000035e-01
7.747000000000000552e-01
7.821400000000000574e-01
7.917100000000000248e-01
7.957499999999999574e-01
8.031400000000000761e-01
8.070399999999999796e-01
8.147900000000001253e-01
8.143299999999999983e-01
8.251199999999998536e-01
8.245299999999999851e-01
8.324399999999999578e-01
8.350899999999998879e-01
8.390100000000000335e-01
8.418099999999999472e-01
8.467799999999999772e-01
8.494199999999999529e-01
8.523399999999999865e-01
8.554300000000000237e-01
8.589300000000000823e-01
8.601199999999999957e-01
