3.417699999999999627e-01
4.209950000000000081e-01
4.767999999999999461e-01
5.195550000000001001e-01
5.569299999999999251e-01
5.891699999999999715e-01
6.115150000000001418e-01
6.371149999999999869e-01
6.557000000000000606e-01
6.728999999999998316e-01
6.875449999999999617e-01
7.019500000000000739e-01
7.164000000000000368e-01
7.258799999999999697e-01
7.340400000000000258e-01
7.450399999999999245e-01
7.531949999999999479e-01
7.619449999999999834e-01
7.696450000000000236e-01
7.740000000000000213e-01
7.807149999999999368e-01
7.895350000000000978e-01
7.933050000000000379e-01
7.983450000000000824e-01
8.023500000000000076e-01
8.057549999999999990e-01
8.119149999999999423e-01
8.147699999999999942e-01
8.202399999999999691e-01
8.219199999999999839e-01
8.272550000000000736e-01
8.289300000000000557e-01
8.298050000000000148e-01
8.368099999999999428e-01
8.349000000000000865e-01
8.410450000000000426e-01
8.405249999999999666e-01
