3.294349999999999778e-01
3.714050000000000407e-01
3.977749999999999897e-01
4.224900000000000322e-01
4.434599999999999653e-01
4.576699999999999657e-01
4.742399999999999949e-01
4.907249999999999668e-01
4.973000000000000753e-01
5.134849999999998582e-01
5.228150000000000297e-01
5.338350000000000595e-01
5.420699999999999408e-01
5.508900000000001018e-01
5.572000000000000286e-01
5.599049999999999860e-01
5.696250000000000480e-01
5.724249999999999616e-01
5.788550000000000084e-01
5.817449999999999566e-01
5.870299999999999407e-01
5.952549999999999786e-01
5.959200000000001163e-01
5.987149999999999972e-01
6.056999999999999051e-01
6.103450000000000264e-01
6.114400000000000945e-01
6.155950000000000033e-01
6.137050000000000560e-01
6.235799999999999121e-01
6.224499999999999478e-01
6.253199999999999870e-01
6.286150000000000349e-01
6.328749999999999654e-01
