2.065963060686015762e-01
2.944591029023747031e-01
3.583773087071240315e-01
4.166886543535620047e-01
4.550131926121371850e-01
5.000659630606859585e-01
5.284960422163589300e-01
5.390501319261213897e-01
5.629947229551450771e-01
5.982849604221636142e-01
6.167546174142480853e-01
6.274406332453825730e-01
6.395118733509235209e-01
6.497361477572558552e-01
6.682717678100263958e-01
6.781002638522426462e-01
6.774406332453826174e-01
6.895118733509235653e-01
7.009894459102902209e-01
7.047493403693931846e-01
7.127968337730872239e-01
7.255277044854880897e-01
7.294854881266490398e-01
7.310686015831133755e-01
7.366094986807387723e-01
7.398416886543536242e-01
7.474274406332452880e-01
7.517150395778364746e-01
7.517810026385224331e-01
7.619393139841689200e-01
7.528364116094986569e-01
7.714379947229550449e-01
7.672163588390501499e-01
7.685356200527705406e-01
7.740765171503957154e-01
7.703166226912928627e-01
