1.761213720316622544e-01
2.937994722955145077e-01
3.664907651715040293e-01
4.134564643799472639e-01
4.688654353562005106e-01
5.230870712401056721e-01
5.547493403693930514e-01
5.828496042216358974e-01
6.018469656992084804e-01
6.308707124010555223e-01
6.498680738786279942e-01
6.656992084432716839e-01
6.729551451187335553e-01
6.968337730870712843e-01
6.928759894459102231e-01
7.035620052770449329e-01
7.273087071240105228e-01
7.448548812664907981e-01
7.492084432717677211e-01
7.609498680738786547e-01
7.511873350923482517e-01
7.594986807387862360e-01
7.759894459102901765e-01
7.741424802110816739e-01
7.765171503957783994e-01
7.907651715039578644e-01
7.922163588390500610e-01
8.035620052770449107e-01
8.007915567282321012e-01
8.073878627968337218e-01
8.091029023746700855e-01
8.101583113456465313e-01
8.135883905013191475e-01
8.166226912928760129e-01
8.146437994722957043e-01
8.292875989445910312e-01
8.266490765171503607e-01
