8.426121372031662726e-02
1.155936675461741447e-01
1.364379947229551471e-01
1.513192612137203297e-01
1.657124010554089921e-01
1.743271767810026518e-01
1.860686015831135021e-01
1.881530343007915551e-01
1.976781002638522411e-01
2.103034300791556954e-01
2.103430079155672872e-01
2.102242744063324287e-01
2.152902374670184471e-01
2.212796833773086891e-01
2.244459102902374714e-01
2.295382585751978843e-01
2.293799472295514619e-01
2.336015831134564680e-01
2.341424802110817771e-01
2.338654353562005517e-01
2.365171503957783639e-01
2.417678100263852548e-01
2.402902374670184693e-01
2.474142480211082018e-01
2.415171503957783683e-01
2.396833773087071462e-01
2.454617414248021212e-01
2.472031662269129348e-01
2.483773087071240171e-01
2.456596306068601632e-01
2.477836411609498635e-01
2.548284960422163570e-01
2.547229551451187235e-01
2.507124010554089844e-01
2.558970976253298057e-01
