1.319261213720316508e-05
5.639841688654354500e-03
3.647097625329815546e-02
7.647097625329815629e-02
1.169656992084432690e-01
1.413654353562005250e-01
1.654815303430079154e-01
1.789182058047493473e-01
1.949076517150395982e-01
2.049208443271767766e-01
2.156134564643799323e-01
2.236873350923482828e-01
2.275197889182057898e-01
2.383179419525065790e-01
2.422361477572559374e-01
2.434036939313984071e-01
2.493535620052770296e-01
2.523812664907651993e-01
2.538060686015831124e-01
2.581596306068601465e-01
2.629683377308707493e-01
2.654155672823219070e-01
2.648087071240105561e-01
2.654815303430078655e-01
2.690369393139841470e-01
2.715237467018469797e-01
2.715963060686015784e-01
2.734168865435356310e-01
2.771701846965699545e-01
2.777044854881266511e-01
2.810092348284961017e-01
2.767348284960421956e-01
2.837467018469657098e-01
2.810488126649076657e-01
2.794195250659630703e-01
2.790567282321899656e-01
2.852044854881266578e-01
2.848153034300791586e-01
2.860422163588390299e-01
2.877572559366755045e-01
2.862467018469657121e-01
