3.039577836411609946e-01
3.194371152154794058e-01
3.525945470536499537e-01
3.811785400175901617e-01
3.972735268249779628e-01
4.087950747581354793e-01
4.169744942832014356e-01
4.429199648197009731e-01
4.392260334212840234e-01
4.580474934036938839e-01
4.799472295514511933e-01
4.672823218997362860e-01
4.731750219876869057e-01
4.749340369393139638e-01
4.883905013192612055e-01
4.897097625329814297e-01
4.991204925241864987e-01
5.030782761653473933e-01
5.227792436235707552e-01
5.094986807387863470e-01
5.142480211081793540e-01
5.151275285839929108e-01
5.218117854001760314e-01
5.198768689533860288e-01
5.172383465259454693e-01
5.253298153034301476e-01
5.281442392260334850e-01
5.264731750219877604e-01
5.291116974494282088e-01
5.262972735268249824e-01
5.452946350043975654e-01
5.288478452066842639e-01
5.364116094986807193e-01
5.350043975373791616e-01
5.379947229551451660e-01
