2.604023746701847331e-01
2.919722955145118704e-01
3.212862796833773071e-01
3.403298153034300944e-01
3.629749340369393673e-01
3.716622691292875702e-01
3.918601583113456299e-01
3.988192612137202997e-01
4.038456464379946431e-01
4.105408970976253680e-01
4.195646437994722810e-01
4.281596306068601865e-01
4.324934036939314108e-01
4.385356200527704140e-01
4.391622691292875746e-01
4.439116094986807481e-01
4.468403693931398135e-01
4.517084432717677900e-01
4.540765171503957642e-01
4.537401055408970540e-01
4.625197889182058320e-01
4.603759894459102386e-01
4.638786279683377312e-01
4.679287598944590898e-01
4.679815303430079343e-01
4.746174142480211189e-01
4.717084432717678077e-01
4.697229551451186924e-01
4.813390501319261272e-01
4.788324538258574847e-01
4.812796833773086980e-01
4.802044854881266644e-01
4.772427440633245643e-01
4.811411609498680297e-01
4.839511873350923477e-01
4.836939313984169320e-01
