3.971965699208443445e-02
5.668535620052771173e-02
6.761543535620052892e-02
8.469986807387862304e-02
8.739445910290236097e-02
9.321569920844327561e-02
1.097064643799472300e-01
1.158080474934037041e-01
1.132058047493403885e-01
1.226253298153034410e-01
1.271273087071239927e-01
1.302605540897097680e-01
1.331134564643799700e-01
1.304914248021108170e-01
1.443766490765171495e-01
1.395448548812665002e-01
1.403726912928759674e-01
1.420052770448548829e-01
1.439478891820580586e-01
1.523878627968337784e-01
1.491919525065963092e-01
1.453199208443271828e-01
1.558212401055408813e-01
1.446833773087071173e-01
1.548317941952506993e-01
1.539149076517150327e-01
1.513456464379947242e-01
1.554749340369393218e-01
1.523548812664907715e-01
1.544063324538258730e-01
1.616787598944590953e-01
1.637763852242744012e-01
1.528693931398416861e-01
1.570712401055408824e-01
1.546635883905013165e-01
1.590006596306068609e-01
