2.393139841688654568e-01
3.146569920844327073e-01
3.843403693931398135e-01
4.284960422163588412e-01
4.667150395778364436e-01
5.028232189973614874e-01
5.217150395778363814e-01
5.534432717678100522e-01
5.696437994722954867e-01
5.890369393139842646e-01
6.077572559366754001e-01
6.179419525065963370e-01
6.333641160949867732e-01
6.433377308707123321e-01
6.475593667546174492e-01
6.641292875989445177e-01
6.698812664907651815e-01
6.771503957783642225e-01
6.798812664907651904e-01
6.857915567282322211e-01
6.970976253298154512e-01
6.961477572559365834e-01
7.057519788918205084e-01
7.115567282321899611e-01
7.127176781002638739e-01
7.205408970976253658e-01
7.234036939313983616e-01
7.315435356200526984e-01
7.275461741424801287e-01
7.313984168865436120e-01
7.370316622691293063e-01
7.370976253298152647e-01
7.376649076517149961e-01
7.485092348284960728e-01
7.459762532981529803e-01
7.422163588390501276e-01
7.504617414248021534e-01
