2.363456464379947164e-01
3.280738786279682739e-01
4.039841688654353113e-01
4.552374670184696215e-01
5.006464379947229704e-01
5.319788918205804462e-01
5.645646437994722433e-01
5.905936675461741503e-01
6.115963060686016028e-01
6.343139841688654190e-01
6.527440633245382706e-01
6.697493403693931535e-01
6.860949868073877855e-01
6.929815303430079121e-01
7.009762532981530514e-01
7.145382585751980375e-01
7.230738786279684582e-01
7.297229551451187568e-01
7.386675461741424309e-01
7.429023746701847175e-01
7.512401055408970407e-01
7.591952506596305605e-01
7.617282321899736530e-01
7.666754617414247575e-01
7.748153034300792052e-01
7.784300791556728605e-01
7.825989445910289666e-01
7.880079155672823354e-01
7.915831134564643712e-01
7.887862796833773338e-01
7.968865435356200511e-01
7.982189973614777223e-01
7.987335092348284427e-01
8.071899736147756244e-01
8.089841688654353380e-01
8.108970976253297991e-01
8.127968337730870907e-01
