4.749340369393139971e-05
2.121635883905012912e-02
7.397361477572558797e-02
1.140527704485488208e-01
1.359419525065962975e-01
1.572744063324538477e-01
1.695699208443271488e-01
1.797941952506596497e-01
1.833403693931398293e-01
1.943825857519788924e-01
1.984986807387862651e-01
2.001583113456464336e-01
2.059577836411609075e-01
2.078311345646437769e-01
2.065804749340369451e-01
2.098416886543535698e-01
2.169050131926121561e-01
2.146015831134564511e-01
2.207493403693931433e-01
2.190369393139841581e-01
2.200316622691292912e-01
2.198284960422163259e-01
2.246649076517150678e-01
2.233905013192611921e-01
2.233957783641160877e-01
2.255408970976253424e-01
2.247018469656991979e-01
2.250422163588390589e-01
2.273535620052770378e-01
2.280000000000000082e-01
2.304934036939313979e-01
2.331240105540896834e-01
2.287783641160949788e-01
2.294353562005276848e-01
2.294221635883905153e-01
2.318839050131925872e-01
2.294986807387862648e-01
2.301952506596306181e-01
2.308918205804749157e-01
2.324538258575198080e-01
2.312796833773087257e-01
