2.527999999999999692e-01
3.881999999999999895e-01
4.637000000000000566e-01
5.500000000000000444e-01
5.821999999999999398e-01
6.135000000000000453e-01
6.704999999999999849e-01
6.912999999999999146e-01
7.073999999999999178e-01
7.329000000000002180e-01
7.448000000000000176e-01
7.595999999999999419e-01
7.767000000000000570e-01
7.940999999999999170e-01
7.999000000000000554e-01
8.069000000000001727e-01
8.196999999999999842e-01
8.246000000000001107e-01
8.246999999999998776e-01
8.432000000000000606e-01
8.407999999999999918e-01
8.573000000000000620e-01
8.540000000000000924e-01
8.588999999999999968e-01
8.606000000000001426e-01
8.656000000000000361e-01
8.709000000000000075e-01
8.768000000000000238e-01
8.817000000000001503e-01
8.797999999999999154e-01
8.823000000000001952e-01
8.963999999999999746e-01
8.903999999999999693e-01
8.903999999999999693e-01
9.039000000000000368e-01
8.908000000000000362e-01
