2.842000000000000082e-01
3.160200000000000231e-01
3.642400000000000082e-01
3.855399999999999383e-01
4.142999999999999461e-01
4.330199999999999605e-01
4.453000000000000846e-01
4.607800000000000229e-01
4.751799999999999913e-01
4.926200000000000023e-01
5.079200000000000381e-01
5.134600000000000275e-01
5.220199999999999285e-01
5.308999999999998165e-01
5.361800000000001010e-01
5.456800000000000539e-01
5.507600000000000273e-01
5.554199999999999138e-01
5.655200000000000227e-01
5.667000000000000925e-01
5.724000000000000199e-01
5.840800000000000436e-01
5.828600000000000447e-01
5.867199999999999083e-01
5.889800000000000590e-01
5.971000000000001862e-01
5.982999999999999430e-01
6.014400000000000857e-01
6.047400000000000553e-01
6.118000000000001215e-01
6.088199999999999168e-01
