2.605999999999999428e-01
3.763500000000000734e-01
4.588000000000000966e-01
5.321500000000000119e-01
5.798500000000000876e-01
6.212500000000000799e-01
6.471500000000000030e-01
6.751000000000001444e-01
7.035999999999998922e-01
7.196000000000001284e-01
7.370999999999999774e-01
7.567499999999999227e-01
7.681500000000001105e-01
7.834999999999999742e-01
7.868000000000000549e-01
8.027500000000001856e-01
8.079500000000001680e-01
8.148499999999999632e-01
8.232499999999997042e-01
8.267499999999999849e-01
8.439999999999998614e-01
8.424000000000000377e-01
8.460999999999999632e-01
8.523999999999999355e-01
8.554000000000000492e-01
8.623499999999999499e-01
8.675499999999999323e-01
8.730999999999999872e-01
8.728000000000000203e-01
8.759499999999998954e-01
8.822999999999998622e-01
8.872499999999999831e-01
8.872500000000000941e-01
8.902500000000000968e-01
8.932499999999999885e-01
8.922500000000000986e-01
