2.654166666666666896e-01
3.307833333333332626e-01
3.866999999999999882e-01
4.365333333333333843e-01
4.721166666666666289e-01
5.020499999999999963e-01
5.296833333333332838e-01
5.544000000000000039e-01
5.768166666666666442e-01
5.884500000000000286e-01
6.110833333333333117e-01
6.199166666666666714e-01
6.347833333333333661e-01
6.524666666666667503e-01
6.561833333333333407e-01
6.677666666666666195e-01
6.779000000000000581e-01
6.827499999999999680e-01
6.921833333333333727e-01
6.974666666666666792e-01
7.088666666666665339e-01
7.071999999999999398e-01
7.124333333333333629e-01
7.226666666666666794e-01
7.287166666666666792e-01
7.309166666666666590e-01
7.351000000000000867e-01
7.354666666666666019e-01
7.440833333333333188e-01
7.494333333333332847e-01
7.517833333333333590e-01
7.558000000000000274e-01
7.600333333333333385e-01
