2.923600000000000088e-01
3.467500000000000027e-01
3.870549999999999824e-01
4.186449999999999894e-01
4.475199999999999734e-01
4.740149999999999642e-01
4.954600000000000115e-01
5.072499999999999787e-01
5.250199999999999312e-01
5.354500000000000925e-01
5.474049999999999194e-01
5.625050000000000328e-01
5.691400000000000903e-01
5.795049999999999368e-01
5.887949999999999573e-01
5.938649999999999762e-01
6.003199999999999648e-01
6.041100000000000358e-01
6.125700000000000589e-01
6.182900000000000063e-01
6.233150000000000635e-01
6.315399999999999903e-01
6.315850000000000630e-01
6.349349999999999161e-01
6.422750000000000403e-01
6.440150000000000041e-01
6.490000000000000213e-01
6.550400000000000666e-01
6.528200000000000669e-01
6.527699999999999614e-01
6.594149999999999734e-01
6.640399999999999636e-01
6.688650000000000428e-01
6.670349999999999335e-01
6.722200000000000397e-01
