3.230049999999999866e-01
4.271900000000000142e-01
5.010050000000000336e-01
5.606599999999999362e-01
6.012999999999999456e-01
6.334300000000000486e-01
6.628599999999998937e-01
6.872549999999999493e-01
7.059849999999998627e-01
7.253849999999999465e-01
7.386150000000000215e-01
7.538850000000000273e-01
7.638650000000000162e-01
7.767650000000000388e-01
7.859649999999999137e-01
7.953949999999999632e-01
8.039700000000000735e-01
8.086399999999999144e-01
8.173050000000000592e-01
8.220950000000000202e-01
8.308949999999999392e-01
8.341300000000000381e-01
8.405999999999999028e-01
8.454149999999999165e-01
8.494049999999999656e-01
8.523399999999998755e-01
8.558499999999999996e-01
8.585249999999999826e-01
8.631100000000000438e-01
8.659349999999998992e-01
8.705700000000000660e-01
8.731349999999999945e-01
8.752699999999999925e-01
8.778449999999999864e-01
8.784099999999999131e-01
8.848949999999999871e-01
8.863550000000000040e-01
