3.682250000000000245e-01
3.811650000000000316e-01
3.951649999999999885e-01
4.064000000000000390e-01
4.170050000000000145e-01
4.228199999999999736e-01
4.356950000000000545e-01
4.406899999999999706e-01
4.479599999999999693e-01
4.522649999999999726e-01
4.565400000000000014e-01
4.635050000000000003e-01
4.663500000000000423e-01
4.689100000000000490e-01
4.773600000000000065e-01
4.799249999999999905e-01
4.803850000000000620e-01
4.872999999999999554e-01
4.831750000000000211e-01
4.911549999999999527e-01
4.976800000000000113e-01
4.968699999999999783e-01
5.052349999999999897e-01
5.023350000000000870e-01
4.972100000000000408e-01
5.044699999999999740e-01
5.022199999999999998e-01
5.035350000000000659e-01
5.073949999999999294e-01
5.157300000000000217e-01
5.050950000000000717e-01
