3.369199999999999418e-01
4.282400000000000095e-01
4.968500000000000139e-01
5.484949999999999548e-01
5.888550000000000173e-01
6.212849999999999762e-01
6.499200000000000532e-01
6.687049999999998828e-01
6.932749999999999746e-01
7.082450000000001245e-01
7.241400000000000059e-01
7.386449999999999960e-01
7.491149999999999753e-01
7.590750000000000552e-01
7.701350000000000140e-01
7.791599999999999637e-01
7.883250000000000535e-01
7.948399999999999910e-01
8.001549999999999496e-01
8.087849999999999762e-01
8.129750000000000032e-01
8.197750000000000314e-01
8.240450000000000275e-01
8.287599999999999412e-01
8.337349999999998929e-01
8.374550000000000605e-01
8.409399999999999098e-01
8.433049999999999713e-01
8.488250000000000517e-01
8.528599999999999515e-01
8.564949999999998953e-01
8.575899999999999634e-01
8.605649999999999133e-01
8.621949999999999337e-01
8.655949999999998923e-01
8.693849999999999634e-01
8.709500000000000020e-01
