5.000000000000000971e-03
8.939000000000002499e-03
1.749600000000000460e-02
3.087500000000000314e-02
5.021599999999999675e-02
6.869899999999999618e-02
9.336499999999998967e-02
1.122340000000000004e-01
1.288160000000000138e-01
1.475019999999999942e-01
1.648669999999999858e-01
1.780539999999999623e-01
1.892800000000000038e-01
2.018519999999999759e-01
2.116259999999999808e-01
2.221410000000000329e-01
2.285979999999999956e-01
2.323579999999999812e-01
2.485499999999999654e-01
2.471129999999999716e-01
2.558960000000000123e-01
2.636080000000000090e-01
2.700029999999999375e-01
2.730690000000000062e-01
2.785159999999999858e-01
2.845500000000000251e-01
2.826989999999999781e-01
2.832149999999999390e-01
2.923279999999999212e-01
2.947809999999999597e-01
2.975549999999999584e-01
3.025079999999999991e-01
2.977289999999999659e-01
2.955419999999999714e-01
3.051129999999999676e-01
3.165470000000000228e-01
3.105430000000000135e-01
3.178119999999999834e-01
3.112159999999999371e-01
3.208209999999999673e-01
3.250750000000000028e-01
