5.000000000000000971e-03
7.777000000000002661e-03
1.641900000000000304e-02
4.439800000000000690e-02
1.071259999999999990e-01
1.911460000000000103e-01
2.799670000000000214e-01
3.648200000000000331e-01
4.388610000000000011e-01
4.959569999999999812e-01
5.443980000000000485e-01
5.984550000000000702e-01
6.290950000000000708e-01
6.668140000000000178e-01
6.915340000000000931e-01
7.119860000000001188e-01
7.353979999999999961e-01
7.557380000000000209e-01
7.640080000000000204e-01
7.914310000000001066e-01
8.082910000000000927e-01
8.043530000000000957e-01
8.251860000000000861e-01
8.283510000000000595e-01
8.315660000000000274e-01
8.568799999999999750e-01
8.579100000000000614e-01
8.548580000000000068e-01
8.612990000000000368e-01
8.644899999999999807e-01
8.750519999999998300e-01
8.796630000000000837e-01
8.867450000000000054e-01
8.928220000000000045e-01
8.939219999999998834e-01
9.045109999999999539e-01
9.011049999999999338e-01
9.087500000000000577e-01
9.050350000000000339e-01
9.023310000000001052e-01
9.157040000000000735e-01
