5.000000000000000971e-03
8.028000000000002148e-03
1.771600000000000258e-02
4.626200000000000451e-02
1.092970000000000053e-01
1.936599999999999433e-01
2.780789999999999651e-01
3.495030000000000081e-01
4.185709999999999709e-01
4.839209999999999900e-01
5.312799999999999745e-01
5.687070000000000736e-01
6.086600000000000898e-01
6.425980000000000025e-01
6.655410000000000492e-01
6.915490000000000803e-01
7.112169999999999881e-01
7.214570000000000149e-01
7.492689999999999628e-01
7.650110000000001076e-01
7.678390000000001603e-01
7.888380000000000392e-01
7.939940000000000886e-01
8.075800000000001866e-01
8.119190000000000573e-01
8.230219999999999203e-01
8.344430000000001568e-01
8.318229999999999791e-01
8.470030000000001724e-01
8.574450000000001237e-01
8.537350000000000216e-01
8.586450000000001026e-01
8.688460000000000072e-01
8.709719999999999684e-01
8.752859999999998974e-01
8.857059999999998823e-01
8.842639999999999390e-01
8.867220000000000102e-01
8.922780000000000156e-01
8.880109999999998838e-01
8.918590000000000684e-01
