5.000000000000000971e-03
6.834000000000001532e-03
1.013600000000000265e-02
1.682300000000000115e-02
2.964700000000000321e-02
4.805200000000000443e-02
7.574600000000000777e-02
1.085639999999999800e-01
1.513219999999999565e-01
1.820879999999999721e-01
2.242319999999999869e-01
2.483180000000000109e-01
2.899999999999999800e-01
3.166069999999999718e-01
3.458129999999999815e-01
3.656079999999999330e-01
3.928460000000000285e-01
4.165699999999999403e-01
4.268979999999999997e-01
4.489119999999999777e-01
4.678909999999999458e-01
4.768550000000000288e-01
4.940539999999998821e-01
5.059029999999999916e-01
5.074330000000000229e-01
5.360050000000000647e-01
5.265369999999999218e-01
5.411880000000000024e-01
5.613599999999999701e-01
5.665310000000000068e-01
5.813859999999999584e-01
5.748139999999999361e-01
5.881530000000000369e-01
5.924310000000000409e-01
5.961969999999999770e-01
5.981040000000000800e-01
6.098010000000000375e-01
6.181560000000000388e-01
6.304460000000000619e-01
6.292919999999999625e-01
6.314589999999999925e-01
