5.000000000000000971e-03
8.918000000000004049e-03
2.405900000000000399e-02
7.486899999999999111e-02
1.495489999999999875e-01
2.336919999999999831e-01
3.158099999999999796e-01
3.748850000000000238e-01
4.285330000000000528e-01
4.750210000000000266e-01
5.082450000000000578e-01
5.427370000000000250e-01
5.705740000000000256e-01
6.051260000000000527e-01
6.263930000000000886e-01
6.450629999999999420e-01
6.579840000000001243e-01
6.808529999999999305e-01
6.952479999999999771e-01
7.003989999999999938e-01
7.058260000000000645e-01
7.255460000000000242e-01
7.374579999999999469e-01
7.341250000000001386e-01
7.523370000000000335e-01
7.558890000000002551e-01
7.655530000000000390e-01
7.664950000000000374e-01
7.843820000000001347e-01
7.820350000000000357e-01
7.943289999999999518e-01
7.967250000000002386e-01
7.968489999999999185e-01
7.971160000000000467e-01
8.056680000000000508e-01
8.130800000000001360e-01
8.166959999999999775e-01
8.151170000000000915e-01
8.184670000000000556e-01
8.208590000000000053e-01
8.276000000000000023e-01
