5.000000000000000971e-03
7.640000000000000090e-03
1.708499999999999949e-02
4.356100000000000250e-02
8.365699999999999525e-02
1.320939999999999614e-01
1.837149999999999894e-01
2.267749999999999488e-01
2.638510000000000022e-01
2.962569999999999926e-01
3.329909999999999815e-01
3.474889999999999368e-01
3.751530000000000142e-01
3.992549999999999710e-01
4.193849999999999523e-01
4.361889999999999379e-01
4.485010000000000385e-01
4.562399999999999789e-01
4.680080000000000351e-01
4.834240000000000759e-01
5.035800000000000276e-01
4.975940000000000918e-01
5.114730000000000665e-01
5.167820000000000746e-01
5.179909999999999792e-01
5.266629999999999923e-01
5.260999999999999011e-01
5.429959999999999232e-01
5.520760000000000112e-01
5.509760000000000213e-01
5.644200000000000328e-01
5.684120000000000283e-01
5.677750000000000297e-01
5.827440000000000397e-01
5.865690000000000071e-01
5.880900000000000016e-01
5.869430000000001035e-01
5.850120000000000875e-01
5.971909999999999163e-01
5.931600000000000206e-01
5.963180000000000147e-01
