5.000000000000000971e-03
2.001700000000000354e-02
6.862600000000000644e-02
1.193759999999999821e-01
1.602759999999999740e-01
2.016359999999999819e-01
2.211789999999999867e-01
2.429019999999999513e-01
2.569269999999999610e-01
2.685429999999999207e-01
2.717359999999999776e-01
2.899720000000000075e-01
2.971219999999999972e-01
3.012799999999999923e-01
2.950959999999999694e-01
3.146140000000000048e-01
3.195989999999999664e-01
3.259129999999999527e-01
3.275730000000000586e-01
3.317609999999999726e-01
3.303439999999999710e-01
3.355209999999999582e-01
3.479000000000000425e-01
3.349800000000000000e-01
3.442149999999999377e-01
3.501229999999999620e-01
3.432800000000000296e-01
3.505609999999999560e-01
3.526969999999999827e-01
3.463780000000000192e-01
3.526309999999999722e-01
3.547449999999999770e-01
3.582130000000000036e-01
3.615579999999999905e-01
3.608599999999999586e-01
3.654180000000000206e-01
3.676980000000000803e-01
3.710899999999999754e-01
3.658140000000000280e-01
3.653560000000000141e-01
3.647029999999999994e-01
