5.000000000000000971e-03
8.484000000000001956e-03
2.366300000000000348e-02
7.215799999999998604e-02
1.582639999999999603e-01
2.589039999999999675e-01
3.328920000000000212e-01
4.210050000000000181e-01
4.682509999999999728e-01
5.298669999999999769e-01
5.705410000000000759e-01
6.077170000000000627e-01
6.355830000000000091e-01
6.611200000000000410e-01
6.847959999999999603e-01
6.965090000000000447e-01
7.225330000000000918e-01
7.331050000000001177e-01
7.484580000000001787e-01
7.595180000000001375e-01
7.734340000000000659e-01
7.894000000000001016e-01
7.906020000000000270e-01
8.169319999999999915e-01
8.020750000000002045e-01
8.114749999999999464e-01
8.261190000000001588e-01
8.278579999999999828e-01
8.396290000000000697e-01
8.356310000000001237e-01
8.447740000000001359e-01
8.419610000000000705e-01
8.484560000000000990e-01
8.501720000000001498e-01
8.586400000000001809e-01
8.626030000000000086e-01
8.789680000000000826e-01
8.720769999999999911e-01
8.786100000000000021e-01
8.823729999999999629e-01
8.778120000000000367e-01
