2.638522427440634019e-03
5.383113456464380317e-03
9.677044854881267436e-03
1.675461741424802073e-02
2.617572559366754953e-02
3.958786279683377402e-02
5.766965699208444207e-02
8.013825857519790707e-02
1.038258575197889277e-01
1.321071240105541056e-01
1.586480211081794378e-01
1.865229551451187406e-01
2.181757255936675743e-01
2.432839050131926362e-01
2.746084432717678658e-01
2.946569920844326895e-01
3.219298153034300669e-01
3.438654353562005661e-01
3.737160949868074122e-01
3.970042216358839471e-01
4.138686015831135601e-01
4.334406332453826227e-01
4.545224274406332587e-01
4.683540897097625555e-01
4.860907651715040689e-01
4.965551451187335541e-01
5.114327176781002793e-01
5.296960422163589088e-01
5.446860158311345179e-01
5.558269129287598531e-01
5.656538258575198874e-01
5.760717678100263361e-01
5.920912928759894944e-01
5.969973614775725412e-01
6.049567282321900441e-01
6.156358839050132259e-01
6.268232189973614865e-01
6.329894459102902715e-01
6.400300791556728930e-01
6.440189973614776076e-01
6.475804749340370314e-01
