2.638522427440634019e-03
5.864379947229551165e-03
9.740369393139844054e-03
1.454300791556728360e-02
1.878786279683377497e-02
2.358258575197889201e-02
2.852401055408970709e-02
3.305540897097625219e-02
3.664010554089710409e-02
3.970554089709762979e-02
4.323905013192613084e-02
4.684907651715039534e-02
5.293773087071240724e-02
5.304907651715039946e-02
5.610501319261214370e-02
6.037044854881266215e-02
6.098416886543536752e-02
6.622585751978891933e-02
6.751345646437995063e-02
6.772559366754618559e-02
6.960844327176780866e-02
7.194670184696570769e-02
7.367176781002637842e-02
7.632137203166229622e-02
7.707968337730870811e-02
7.841530343007914461e-02
7.834036939313986092e-02
8.190131926121373140e-02
8.044591029023746842e-02
8.221266490765172241e-02
8.467176781002638819e-02
8.523535620052770378e-02
8.813350923482850263e-02
8.885488126649077056e-02
8.901160949868075489e-02
8.605751978891820753e-02
9.088496042216359649e-02
8.604854881266491007e-02
8.912453825857520606e-02
9.094142480211081514e-02
9.019841688654355039e-02
