2.638522427440634019e-03
5.402110817941952782e-03
9.688126649076518257e-03
1.544696569920844288e-02
2.531978891820580585e-02
3.489182058047492901e-02
4.920738786279683918e-02
6.498205804749340730e-02
8.297308707124009808e-02
9.866068601583113939e-02
1.195941952506596184e-01
1.446047493403694040e-01
1.633620052770448638e-01
1.844189973614775990e-01
2.065076517150396251e-01
2.257630606860158429e-01
2.428554089709762387e-01
2.542960422163588752e-01
2.808343007915567457e-01
2.955208443271767904e-01
3.106105540897098338e-01
3.193693931398416397e-01
3.398237467018470070e-01
3.502527704485488558e-01
3.615509234828496732e-01
3.793788918205804883e-01
3.887160949868074256e-01
3.978105540897098336e-01
4.097593667546174934e-01
4.208627968337730896e-01
4.224659630606860117e-01
4.408142480211081349e-01
4.373915567282322114e-01
4.524105540897098710e-01
4.578860158311346407e-01
4.723614775725593629e-01
4.732485488126649265e-01
4.834749340369393633e-01
4.891815303430078754e-01
4.977166226912930203e-01
5.003609498680738898e-01
