2.638522427440634019e-03
5.085488126649076630e-03
6.754089709762533048e-03
8.101319261213721715e-03
9.380474934036939563e-03
9.797361477572560581e-03
1.042902374670184873e-02
1.114775725593667582e-02
1.137308707124010804e-02
1.154934036939314103e-02
1.188126649076517126e-02
1.249076517150395776e-02
1.269973614775725748e-02
1.266226912928759829e-02
1.262216358839050173e-02
1.312559366754617596e-02
1.353034300791556947e-02
1.348337730870712362e-02
1.344749340369393031e-02
1.329551451187335233e-02
1.368284960422163667e-02
1.379525065963060904e-02
1.366860158311345753e-02
1.397203166226913124e-02
1.394248021108179629e-02
1.403113456464379939e-02
1.431873350923482981e-02
1.462955145118733681e-02
1.395672823218997542e-02
1.399577836411609703e-02
1.399525065963060783e-02
1.454511873350923523e-02
1.478627968337730726e-02
1.491926121372031712e-02
1.442321899736147967e-02
1.428073878627968488e-02
1.476253298153034493e-02
1.466437994722955343e-02
1.449234828496042196e-02
1.448865435356200618e-02
1.510870712401055430e-02
