2.638522427440634019e-03
7.154089709762533229e-03
1.583852242744063221e-02
2.584643799472295667e-02
3.570131926121371951e-02
4.569234828496042400e-02
5.616411609498681012e-02
6.617625329815304824e-02
7.661583113456464644e-02
8.015883905013193589e-02
8.389920844327176941e-02
9.796464379947229795e-02
1.017736147757256071e-01
1.090754617414247951e-01
1.086437994722955214e-01
1.174105540897097538e-01
1.187778364116094942e-01
1.239050131926121429e-01
1.247762532981530337e-01
1.291218997361477661e-01
1.341720316622691256e-01
1.354548812664907731e-01
1.354817941952506377e-01
1.379403693931398611e-01
1.393313984168865483e-01
1.439857519788918239e-01
1.459398416886543703e-01
1.469451187335092390e-01
1.521598944591029123e-01
1.503899736147757682e-01
1.560089709762532972e-01
1.556886543535620226e-01
1.567467018469657081e-01
1.566749340369393284e-01
1.581044854881266670e-01
1.600147757255936387e-01
1.617810026385224087e-01
1.661614775725593907e-01
1.624443271767810060e-01
1.629741424802111094e-01
1.637229551451187537e-01
