2.638522427440634019e-03
5.765171503957784715e-03
1.101319261213720355e-02
2.022480211081794169e-02
3.478047493403693680e-02
5.347229551451187363e-02
7.511978891820580984e-02
1.059097625329815523e-01
1.364564643799472399e-01
1.653071240105541129e-01
1.927567282321899778e-01
2.262981530343008141e-01
2.599825857519789118e-01
2.855445910290237421e-01
3.127810026385224873e-01
3.325087071240105940e-01
3.644015831134564953e-01
3.873535620052770412e-01
4.031065963060686541e-01
4.213234828496043582e-01
4.388068601583113848e-01
4.604221635883904984e-01
4.722385224274407434e-01
4.847941952506596985e-01
5.053287598944591341e-01
5.115097625329815267e-01
5.360232189973614947e-01
5.417604221635884398e-01
5.531546174142482064e-01
5.590738786279684236e-01
5.746248021108180115e-01
5.794997361477572939e-01
5.841736147757257136e-01
5.991804749340369218e-01
6.017023746701847253e-01
6.144749340369394242e-01
6.172955145118734777e-01
6.223424802110817389e-01
6.366163588390501005e-01
6.408517150395778295e-01
6.430390501319260821e-01
