2.638522427440634019e-03
5.861741424802110328e-03
1.140052770448548962e-02
1.969973614775725676e-02
3.047757255936675569e-02
4.643957783641161630e-02
6.190817941952506814e-02
8.784591029023747222e-02
1.027060686015831142e-01
1.257065963060685909e-01
1.442728232189973703e-01
1.688791556728231891e-01
1.838200527704485499e-01
2.064200527704485588e-01
2.198670184696570051e-01
2.362944591029023655e-01
2.451994722955145312e-01
2.681197889182058147e-01
2.828258575197889479e-01
2.953556728232190065e-01
3.106506596306068957e-01
3.216311345646437614e-01
3.329604221635883987e-01
3.467514511873350802e-01
3.567794195250659772e-01
3.590844327176781481e-01
3.679197889182058145e-01
3.838321899736147902e-01
3.897065963060686311e-01
3.933356200527705071e-01
4.043651715039577876e-01
4.065092348284961021e-01
4.112311345646437744e-01
4.202897097625330480e-01
4.242759894459102732e-01
4.383298153034300704e-01
4.402258575197889323e-01
4.520532981530342997e-01
4.556364116094986372e-01
4.579229551451187707e-01
4.605472295514511649e-01
