2.638522427440634019e-03
7.050659630606860920e-03
1.224327176781002738e-02
1.561635883905013178e-02
1.981583113456464318e-02
2.210870712401055704e-02
2.382427440633245672e-02
2.601846965699208813e-02
2.690343007915567408e-02
2.824643799472295602e-02
2.863482849604222225e-02
3.095778364116094639e-02
3.160686015831134371e-02
3.183482849604221676e-02
3.227335092348284501e-02
3.371081794195251308e-02
3.311081794195250977e-02
3.460052770448548282e-02
3.561899736147756956e-02
3.369340369393140217e-02
3.619736147757256217e-02
3.739947229551451174e-02
3.665910290237467395e-02
3.672242744063324710e-02
3.688443271767810616e-02
3.491609498680738749e-02
3.629076517150395254e-02
3.697836411609498747e-02
3.701530343007915919e-02
3.771451187335092547e-02
3.765646437994723400e-02
3.782902374670184947e-02
3.857730870712400978e-02
3.675092348284960536e-02
3.940316622691292237e-02
3.798522427440634286e-02
3.732717678100264114e-02
3.777414248021108284e-02
3.869340369393139967e-02
3.789551451187335440e-02
3.967229551451187386e-02
