5.000000000000000971e-03
6.337000000000001486e-03
8.599000000000000740e-03
1.212300000000000183e-02
1.760600000000000706e-02
2.672700000000000770e-02
4.295300000000000507e-02
6.578299999999999426e-02
9.470299999999999552e-02
1.354469999999999563e-01
1.695569999999999855e-01
2.078399999999999970e-01
2.438019999999999909e-01
2.829749999999999766e-01
3.177150000000000252e-01
3.478660000000000085e-01
3.760250000000000536e-01
3.964069999999999538e-01
4.185579999999999856e-01
4.399039999999999617e-01
4.581749999999999989e-01
4.739419999999999189e-01
4.848319999999999297e-01
5.014239999999999808e-01
5.162940000000000307e-01
5.307639999999999025e-01
5.494120000000000115e-01
5.527019999999999156e-01
5.641410000000001146e-01
5.837539999999999951e-01
5.768570000000000642e-01
5.905989999999999851e-01
6.011220000000000452e-01
5.962189999999999435e-01
6.083389999999999631e-01
6.101699999999999902e-01
6.246950000000000003e-01
6.333140000000000436e-01
6.293389999999999818e-01
6.488019999999998788e-01
6.283620000000000871e-01
