5.000000000000000971e-03
7.249000000000001970e-03
1.178700000000000060e-02
2.466800000000000243e-02
6.143699999999999856e-02
1.401779999999999970e-01
2.410559999999999370e-01
3.422389999999999599e-01
4.308890000000000220e-01
5.081019999999999426e-01
5.561970000000000525e-01
6.013239999999999696e-01
6.485799999999999343e-01
6.699360000000000870e-01
7.026540000000001118e-01
7.130560000000000231e-01
7.385749999999999815e-01
7.571340000000000847e-01
7.698670000000000790e-01
7.848670000000000924e-01
8.001390000000001557e-01
8.090680000000001204e-01
8.170439999999999925e-01
8.335730000000000084e-01
8.304320000000000590e-01
8.456980000000000608e-01
8.511070000000000579e-01
8.577180000000000915e-01
8.690960000000000907e-01
8.609280000000000266e-01
8.670610000000000817e-01
8.634430000000000716e-01
8.724320000000000963e-01
8.860049999999999315e-01
8.862940000000000262e-01
8.890649999999999942e-01
8.981859999999999289e-01
8.964740000000001041e-01
8.981140000000000789e-01
9.015200000000000990e-01
9.072519999999999474e-01
