5.000000000000000971e-03
7.162000000000000831e-03
1.210400000000000191e-02
2.499600000000000433e-02
6.275899999999999535e-02
1.351989999999999859e-01
2.354059999999999764e-01
3.325929999999999720e-01
4.076319999999999943e-01
4.810980000000000256e-01
5.340630000000000654e-01
5.874919999999999032e-01
6.157590000000000563e-01
6.459909999999999819e-01
6.863869999999999694e-01
7.008339999999999570e-01
7.174160000000000537e-01
7.474919999999999343e-01
7.530879999999999797e-01
7.707570000000001365e-01
7.728869999999998797e-01
7.853580000000001116e-01
7.863470000000000182e-01
8.109150000000000524e-01
8.237380000000000813e-01
8.274780000000001579e-01
8.372199999999999642e-01
8.400640000000001439e-01
8.444829999999999837e-01
8.583620000000000694e-01
8.515660000000000451e-01
8.621300000000001740e-01
8.647059999999999746e-01
8.698270000000001279e-01
8.773769999999999625e-01
8.724769999999999470e-01
8.784079999999999666e-01
8.776130000000000875e-01
8.862930000000001085e-01
8.954330000000001455e-01
9.023920000000000829e-01
