5.000000000000000971e-03
7.601000000000000985e-03
1.211600000000000177e-02
1.732600000000000459e-02
2.751800000000000426e-02
3.616900000000000670e-02
4.770400000000000335e-02
6.077000000000000457e-02
7.453700000000000603e-02
8.562399999999999178e-02
9.359799999999998676e-02
1.094189999999999885e-01
1.192179999999999906e-01
1.295739999999999947e-01
1.361539999999999695e-01
1.492369999999999808e-01
1.532270000000000021e-01
1.621529999999999916e-01
1.630070000000000130e-01
1.783089999999999953e-01
1.843499999999999861e-01
1.889529999999999821e-01
1.967870000000000175e-01
1.946429999999999827e-01
2.009389999999999787e-01
2.128829999999999889e-01
2.191539999999999877e-01
2.137319999999999498e-01
2.197419999999999929e-01
2.271729999999999861e-01
2.320539999999999825e-01
2.324549999999999950e-01
2.320799999999999808e-01
2.336449999999999916e-01
2.426059999999999883e-01
2.462699999999999612e-01
2.411470000000000002e-01
2.575959999999999916e-01
2.524659999999999682e-01
2.523230000000000195e-01
2.496319999999999928e-01
