5.000000000000000971e-03
1.407400000000000317e-02
5.291400000000000964e-02
1.066349999999999798e-01
1.541359999999999952e-01
1.844279999999999808e-01
2.209109999999999963e-01
2.369520000000000237e-01
2.569429999999999215e-01
2.731189999999999451e-01
2.737229999999999386e-01
2.979779999999999651e-01
2.935909999999999354e-01
3.015919999999999712e-01
3.158739999999999881e-01
3.172779999999999490e-01
3.274580000000000268e-01
3.328439999999999732e-01
3.359109999999999596e-01
3.322819999999999663e-01
3.450809999999999711e-01
3.469260000000000677e-01
3.399489999999999457e-01
3.447129999999999916e-01
3.492239999999999789e-01
3.505740000000000522e-01
3.574789999999999912e-01
3.529269999999999907e-01
3.588379999999999903e-01
3.616059999999999830e-01
3.704189999999999983e-01
3.523439999999999905e-01
3.637869999999999715e-01
3.645309999999999384e-01
3.676399999999999668e-01
3.666109999999999647e-01
3.658069999999999933e-01
3.618639999999999635e-01
3.692980000000000151e-01
3.684319999999999817e-01
3.706319999999999615e-01
