5.000000000000000971e-03
7.628000000000001966e-03
1.623800000000000243e-02
4.657400000000000428e-02
1.136650000000000021e-01
2.113079999999999681e-01
3.033480000000000065e-01
3.737550000000000039e-01
4.310810000000000475e-01
4.837370000000000281e-01
5.290030000000000010e-01
5.539230000000000542e-01
5.927480000000001636e-01
6.163620000000000765e-01
6.299200000000000355e-01
6.488000000000000433e-01
6.600790000000000823e-01
6.683590000000001474e-01
6.964459999999998985e-01
7.091450000000001364e-01
7.137329999999999508e-01
7.295620000000000438e-01
7.374100000000001209e-01
7.538380000000000081e-01
7.585120000000000751e-01
7.608560000000000878e-01
7.673149999999999693e-01
7.848870000000000013e-01
7.815890000000000892e-01
7.779199999999999449e-01
7.895650000000000723e-01
7.987480000000001246e-01
8.065329999999999444e-01
8.033000000000000140e-01
8.097750000000000226e-01
8.206479999999999331e-01
8.255360000000000475e-01
8.162330000000000974e-01
8.234349999999999170e-01
8.318050000000000166e-01
8.343080000000000496e-01
