5.000000000000000971e-03
6.858000000000002115e-03
1.171300000000000119e-02
2.511500000000000538e-02
5.885699999999999266e-02
1.143259999999999832e-01
1.667689999999999728e-01
2.211179999999999257e-01
2.622029999999999639e-01
3.074780000000000846e-01
3.350119999999999765e-01
3.608959999999999946e-01
3.915609999999999924e-01
4.123749999999999361e-01
4.261850000000000360e-01
4.498440000000000771e-01
4.583880000000000177e-01
4.564890000000000336e-01
4.823209999999999997e-01
4.950860000000000816e-01
5.008720000000000949e-01
4.989700000000000246e-01
5.209870000000000889e-01
5.297330000000001204e-01
5.334020000000000428e-01
5.267850000000000588e-01
5.479239999999999666e-01
5.471060000000000922e-01
5.681430000000000646e-01
5.609309999999999574e-01
5.599610000000000420e-01
5.729619999999999713e-01
5.750979999999999981e-01
5.707290000000000418e-01
5.828870000000000440e-01
5.831300000000000372e-01
5.873009999999999620e-01
5.835260000000001002e-01
5.985240000000000560e-01
5.956329999999999680e-01
6.004329999999999945e-01
