5.000000000000000971e-03
7.722000000000001432e-03
1.489900000000000252e-02
4.032399999999999873e-02
1.166839999999999683e-01
2.321419999999999872e-01
3.371649999999999370e-01
4.126289999999999125e-01
4.860569999999999613e-01
5.348670000000000924e-01
5.709710000000000063e-01
6.006230000000000180e-01
6.432560000000000500e-01
6.611040000000000250e-01
6.859950000000001324e-01
7.086670000000001579e-01
7.279219999999999580e-01
7.324539999999999385e-01
7.388850000000000140e-01
7.635100000000001330e-01
7.729510000000000547e-01
7.769010000000000637e-01
7.873140000000000693e-01
7.958110000000001572e-01
8.005179999999999518e-01
8.062210000000000765e-01
8.194760000000000932e-01
8.210710000000001063e-01
8.215750000000000552e-01
8.363690000000000291e-01
8.277970000000000050e-01
8.395829999999998572e-01
8.366560000000000663e-01
8.445920000000000094e-01
8.555960000000001342e-01
8.579369999999999497e-01
8.609350000000000058e-01
8.683009999999999895e-01
8.629240000000001354e-01
8.601560000000001427e-01
8.742269999999999763e-01
